200 798
1 2
1 3
4 5
6 7
8 9
10 11
12 13
14 15
16 17
18 19
20 21
20 22
14 23
24 25
26 27
28 29
28 30
31 32
33 34
35 36
24 37
24 38
39 40
25 41
9 37
15 42
10 15
43 44
45 46
12 39
47 48
36 49
50 51
52 53
27 54
17 55
6 55
55 56
42 57
14 58
59 60
23 61
40 62
39 63
9 64
65 66
67 68
69 70
55 71
33 72
17 72
67 72
73 74
27 75
27 76
27 77
52 78
79 80
51 81
73 82
13 83
44 84
51 69
71 85
80 86
22 25
22 87
13 88
56 89
90 91
40 92
1 93
1 63
94 95
87 96
92 97
83 97
25 40
25 49
11 43
10 98
40 99
13 99
90 100
87 90
42 101
13 101
99 102
103 104
101 105
97 106
107 108
61 107
56 88
109 110
66 109
111 112
32 109
109 113
69 109
114 115
77 116
46 77
117 118
42 117
64 111
7 119
76 120
76 121
122 123
42 91
80 120
4 80
95 124
125 126
127 128
87 129
127 130
15 82
92 131
38 120
41 89
47 69
122 132
51 118
51 106
20 28
113 133
118 134
63 135
19 136
23 95
40 60
14 137
122 137
40 138
139 140
73 141
142 143
6 144
100 145
40 118
60 146
5 147
113 148
108 129
51 110
9 149
103 149
33 46
14 148
5 150
52 151
79 152
40 141
45 153
154 155
11 156
102 156
61 93
21 157
52 96
35 59
19 35
156 158
62 147
77 159
66 126
34 66
63 131
63 75
139 148
106 139
30 160
24 40
24 124
30 83
67 161
118 162
106 149
49 75
49 128
130 155
78 163
113 145
42 164
39 42
43 165
118 166
118 167
161 168
37 161
70 106
28 74
74 138
92 129
67 129
42 89
51 143
89 141
89 169
9 121
33 135
30 46
128 170
128 159
81 130
53 171
21 172
17 68
17 173
69 121
88 130
5 101
160 174
76 86
86 143
126 166
53 150
127 175
14 140
106 176
56 167
61 66
27 127
27 40
80 177
35 178
166 177
6 36
138 159
138 179
122 144
90 127
123 180
66 123
44 123
64 123
48 50
48 160
145 181
155 181
112 149
54 119
112 163
19 112
16 181
33 181
70 181
181 182
19 181
183 184
137 183
48 59
48 68
106 180
10 185
40 185
130 185
166 185
123 148
14 123
58 169
146 169
32 120
19 32
127 160
62 127
100 126
53 166
44 104
104 119
58 166
144 166
142 177
69 177
111 178
37 133
37 50
46 95
1 37
61 149
61 148
80 176
76 136
140 186
91 140
41 140
76 187
128 165
95 165
175 188
150 175
20 175
53 97
126 172
86 119
13 86
126 135
2 93
19 189
18 189
116 189
93 179
2 130
19 101
99 130
49 93
17 172
17 90
41 108
119 128
100 172
8 108
171 174
121 190
58 171
104 149
104 134
81 140
37 128
128 141
67 135
49 121
94 121
109 143
66 143
80 89
106 143
60 165
60 77
14 143
143 162
34 119
51 76
51 127
50 163
34 155
74 80
74 191
42 192
11 34
121 182
141 161
112 161
64 161
89 121
121 143
41 170
121 169
42 50
20 64
3 124
115 167
53 115
60 115
40 155
141 145
102 155
31 155
123 140
88 140
92 193
42 113
115 194
140 194
71 106
84 152
106 114
5 176
107 175
67 145
67 195
23 162
67 169
30 174
56 174
56 179
20 56
45 74
114 167
63 154
61 119
21 133
21 105
104 159
23 159
21 173
21 37
21 76
61 128
44 70
86 98
122 154
31 154
27 82
5 28
13 96
19 37
148 161
46 85
46 93
149 195
93 195
42 93
129 142
148 170
118 172
5 55
5 187
6 71
37 166
23 146
166 189
85 190
9 190
76 102
93 94
21 152
73 113
138 142
116 172
115 139
39 137
42 115
60 134
75 98
29 68
31 40
103 117
5 117
86 109
122 138
24 135
67 147
106 162
32 74
110 177
101 135
13 118
29 125
75 95
37 75
57 133
117 133
19 20
89 126
107 122
76 196
41 46
31 53
16 38
2 131
131 161
149 189
119 174
21 78
127 152
58 127
126 192
192 196
106 187
49 184
61 146
162 167
126 170
162 194
93 187
29 157
91 102
124 125
81 122
179 197
71 76
63 173
113 173
65 173
77 79
18 77
189 198
170 193
62 107
73 111
32 132
88 122
18 119
107 134
56 107
50 107
67 104
115 154
59 103
150 196
7 89
99 163
31 121
15 98
98 178
33 60
81 166
136 170
62 199
39 72
51 198
3 74
92 141
27 78
19 170
122 199
39 130
90 197
20 48
142 189
166 199
72 174
30 92
75 100
90 151
124 191
88 125
22 105
22 188
113 137
54 137
82 180
54 161
110 121
110 197
57 188
77 152
36 64
28 85
125 172
17 60
69 125
83 143
84 153
148 151
55 95
13 52
82 149
155 157
37 63
9 81
37 79
18 120
78 102
73 123
65 126
21 72
50 126
174 191
34 55
80 159
61 178
123 183
69 122
68 199
86 198
174 196
56 196
17 69
3 127
30 107
12 83
17 71
142 153
63 83
124 163
62 159
121 136
142 200
58 147
54 116
11 198
31 54
153 184
32 162
127 158
110 164
115 131
107 162
78 164
6 44
136 169
49 165
47 149
12 149
45 175
171 172
119 159
24 84
23 57
138 167
36 144
9 159
25 174
159 173
24 52
32 61
35 85
33 75
13 18
52 64
9 108
91 120
25 31
73 128
28 153
97 161
91 127
161 197
15 142
171 175
108 113
24 91
33 165
103 124
23 114
20 141
38 57
4 112
25 162
6 30
8 19
39 180
16 72
102 142
14 55
59 96
120 141
94 137
11 132
41 194
57 159
84 126
33 59
70 174
36 97
25 102
126 160
68 136
40 94
8 61
15 140
148 198
16 87
26 119
7 93
1 192
11 22
97 144
67 115
78 133
92 112
31 181
54 183
112 160
36 95
94 199
75 82
79 87
168 179
117 121
135 173
66 152
53 155
59 78
101 163
161 164
29 56
31 84
108 149
118 154
10 187
54 129
107 172
48 176
71 91
70 75
61 173
134 196
34 196
73 169
94 167
143 153
140 195
121 152
83 193
135 155
12 144
85 129
104 128
118 125
15 104
46 76
106 148
2 60
130 189
34 99
66 105
71 126
44 93
72 78
136 162
177 191
130 136
95 177
130 145
37 98
34 93
7 188
65 192
181 185
130 175
144 161
109 139
22 180
57 116
68 180
70 151
50 133
68 133
31 73
20 134
174 194
50 103
19 63
31 162
29 184
149 157
67 91
76 176
126 193
94 187
93 184
18 38
50 152
20 36
68 94
80 151
112 174
89 155
46 182
115 132
5 108
13 163
102 177
27 164
125 186
96 175
97 100
123 162
21 57
36 85
74 180
43 81
105 200
171 188
27 60
6 106
74 197
100 200
29 178
135 187
38 154
48 60
133 140
65 84
4 84
1 80
22 155
8 164
35 159
19 56
87 198
17 50
2 4
65 145
4 32
12 160
51 154
62 69
47 144
24 60
85 163
146 188
127 159
29 189
34 76
57 163
101 109
68 115
26 186
88 186
156 186
2 186
180 186
