200 813
1 2
1 3
1 4
1 5
1 6
1 7
1 8
1 9
1 10
1 11
1 12
2 3
3 13
3 14
3 15
3 16
3 17
3 18
19 20
19 21
19 22
19 23
19 24
19 25
19 26
19 27
21 28
21 29
6 21
21 30
21 31
21 32
21 33
21 34
21 35
21 36
21 37
21 38
39 40
39 41
6 39
39 42
39 43
39 44
40 45
40 46
40 47
40 48
40 49
40 50
51 52
51 53
34 51
51 54
51 55
23 51
51 56
51 57
51 58
44 51
51 59
51 60
51 61
53 62
53 63
53 64
53 65
27 53
53 66
38 53
34 67
34 68
30 34
34 69
34 57
34 70
34 71
30 72
30 70
30 73
30 36
74 75
74 76
41 74
6 74
74 77
74 78
64 74
74 79
74 80
74 81
74 82
6 83
6 63
6 33
6 84
77 85
4 77
76 77
77 86
77 87
77 88
77 89
77 90
77 91
77 92
87 93
87 94
87 95
86 87
87 96
87 97
87 98
24 87
87 99
12 87
87 100
101 102
101 103
63 101
101 104
72 101
18 101
104 105
104 106
104 107
18 104
91 104
104 108
104 109
20 110
72 110
110 111
110 112
110 113
36 110
82 111
111 114
13 111
111 115
111 116
111 117
24 111
56 111
32 111
18 111
45 47
47 118
47 119
43 47
47 81
67 119
29 119
118 119
119 120
119 121
57 67
57 116
57 122
57 120
56 57
25 57
57 123
44 57
57 92
5 123
22 123
18 123
25 123
123 124
37 123
123 125
70 126
70 127
70 128
63 70
48 70
70 100
44 55
44 120
44 58
58 63
58 107
58 59
58 60
129 130
129 131
54 129
129 132
89 129
71 129
129 133
130 133
133 134
133 135
118 133
15 133
24 133
133 136
99 133
124 133
66 133
12 137
12 138
12 96
12 113
12 25
12 63
12 65
12 139
139 140
138 139
83 139
97 139
107 139
137 139
106 139
2 141
141 142
78 141
84 141
141 143
92 141
92 103
92 122
69 92
92 144
92 145
26 92
92 146
140 147
134 140
138 140
140 148
113 140
36 140
28 147
55 147
147 148
147 149
45 150
45 78
45 48
45 71
45 151
28 136
28 152
28 153
153 154
63 153
97 153
153 155
153 156
26 153
49 153
4 94
94 150
82 94
94 95
94 117
83 94
94 157
94 158
94 98
93 95
95 130
95 121
95 150
95 159
95 97
95 160
43 95
95 124
95 161
114 162
13 114
114 138
90 114
114 143
114 163
61 114
13 37
13 97
13 17
13 35
13 164
102 105
105 165
105 166
105 167
98 105
10 105
18 105
142 167
127 167
17 167
24 167
167 168
167 169
14 170
14 68
14 55
14 115
14 90
14 60
55 171
55 144
23 55
55 136
55 168
55 146
55 163
38 55
2 17
17 52
17 85
17 131
17 41
17 37
17 69
17 172
37 69
9 69
69 137
173 174
130 173
173 175
163 173
82 174
117 174
42 174
174 176
50 174
174 177
23 56
23 144
23 24
23 136
23 99
23 38
24 126
5 24
24 128
24 97
24 155
24 107
32 126
20 32
32 127
32 86
8 32
31 32
32 73
32 71
32 50
136 178
136 165
26 136
99 136
93 176
176 179
8 176
65 176
84 176
80 176
113 176
152 176
172 176
76 84
54 84
84 125
43 171
43 180
43 179
5 43
43 151
43 73
43 71
73 181
73 175
73 160
73 157
16 73
73 90
73 182
27 183
27 60
27 184
60 86
60 185
26 60
60 66
52 121
121 165
121 146
121 159
121 144
121 151
98 121
121 186
31 186
15 186
132 186
186 187
186 188
108 186
81 171
81 165
81 122
78 81
81 98
80 81
65 81
125 189
125 190
125 187
125 168
66 125
125 165
2 191
86 191
191 192
2 63
2 37
2 112
2 168
2 193
178 189
165 178
86 178
8 178
145 178
178 194
163 178
127 189
122 189
159 189
8 189
42 189
75 103
103 122
26 103
48 103
103 161
38 103
103 177
142 192
54 142
142 172
91 142
35 142
7 142
75 180
62 75
75 78
75 120
56 75
75 79
75 99
75 146
62 149
62 162
62 195
62 160
62 65
62 196
130 162
162 166
97 162
162 197
36 162
162 163
131 166
137 166
113 166
166 168
20 41
37 198
37 199
37 168
35 37
93 159
159 192
159 190
8 159
107 159
146 159
4 8
8 170
8 127
8 135
8 65
8 106
115 118
64 118
79 118
88 93
4 88
63 88
79 88
88 194
78 179
78 151
56 78
78 160
78 143
78 193
102 120
99 120
33 120
38 120
82 145
68 145
72 145
135 145
79 145
145 194
90 145
66 135
134 135
93 137
96 137
122 137
83 137
11 137
187 190
67 187
149 187
143 187
31 187
156 187
66 187
108 187
117 156
156 193
138 156
155 156
152 156
9 156
156 182
26 116
26 151
26 197
171 197
96 197
54 197
151 197
50 197
143 197
65 126
4 65
65 80
71 126
71 180
71 196
35 192
35 36
35 76
35 97
35 98
35 161
93 161
82 161
160 161
52 146
144 146
107 146
146 184
146 163
36 163
122 163
155 163
61 163
18 82
15 18
18 195
18 152
18 188
126 193
22 193
46 193
107 193
115 193
168 193
117 126
126 184
80 126
4 102
102 184
10 102
102 154
80 102
38 102
181 192
192 198
20 192
54 192
86 192
122 192
112 192
4 127
4 16
4 9
4 113
4 109
20 150
83 150
25 150
82 158
64 82
76 148
11 76
49 76
5 151
5 107
83 175
83 180
7 183
7 31
7 9
7 56
7 112
7 33
7 10
7 169
7 172
7 106
124 183
116 183
93 122
122 198
122 169
127 144
131 132
132 155
59 132
100 132
151 165
96 151
98 151
179 185
31 185
108 185
185 195
79 185
152 185
42 195
48 195
164 195
48 89
89 200
85 89
64 130
10 64
64 148
48 64
50 64
10 131
10 96
68 90
90 91
90 182
154 181
154 180
154 155
154 188
154 182
117 184
107 184
48 59
48 169
48 164
48 100
59 68
59 91
59 61
66 181
66 127
66 115
66 109
66 99
22 169
91 169
106 169
164 165
116 164
42 164
100 175
100 158
100 160
100 112
100 194
38 85
38 61
38 177
61 85
61 91
93 175
67 93
93 107
52 130
52 127
52 68
52 157
52 79
52 91
52 172
130 199
130 182
134 190
15 134
134 155
134 148
15 190
188 190
108 190
67 175
67 179
67 149
46 67
16 67
56 67
31 179
160 179
152 179
165 179
54 117
9 117
68 170
68 198
68 157
157 181
157 170
149 157
79 157
113 157
116 131
29 116
116 168
20 97
29 97
97 199
46 131
16 46
46 72
16 171
9 16
16 112
16 106
155 181
155 200
128 155
107 115
107 194
98 165
72 175
72 128
79 127
112 148
36 148
108 148
91 109
80 109
113 127
113 168
113 152
36 113
152 172
143 170
128 143
143 160
108 128
108 188
106 108
106 170
106 175
182 199
49 182
171 200
170 200
56 200
85 131
15 85
85 199
85 188
160 170
180 196
112 180
33 180
180 188
172 180
149 181
96 149
22 50
22 199
22 56
158 160
31 177
20 199
9 11
42 138
115 181
112 175
11 112
112 172
33 196
29 33
11 33
11 131
49 198
49 50
177 188
109 196
