200 841
1 2
1 3
1 4
1 5
1 6
1 7
1 8
1 9
2 10
2 11
2 12
2 13
2 14
2 15
2 16
3 17
3 18
3 19
3 20
3 21
3 22
3 23
3 24
25 26
25 27
25 28
25 29
25 30
25 31
25 32
25 33
26 34
26 35
26 36
37 38
4 37
37 39
37 40
34 37
37 41
37 42
37 43
37 44
38 39
39 45
39 46
39 47
39 48
39 49
39 50
51 52
51 53
51 54
51 55
10 51
51 56
47 51
51 57
51 58
10 59
10 60
10 61
10 62
10 12
10 63
10 64
10 58
10 65
52 66
6 66
66 67
30 66
66 68
66 69
66 70
66 71
45 66
65 66
52 67
41 67
67 72
67 73
67 74
11 75
11 18
11 54
11 42
11 76
11 77
11 78
11 32
11 64
11 16
77 79
77 80
71 77
77 81
77 82
48 77
77 83
12 84
12 19
12 85
5 12
12 86
12 32
12 59
12 33
87 88
87 89
87 90
55 87
87 91
72 87
87 92
70 87
20 87
87 93
17 92
61 92
41 92
92 94
92 95
86 92
48 92
92 93
96 97
19 96
96 98
69 96
96 99
96 100
48 96
96 101
69 102
69 103
69 104
69 105
69 94
30 69
69 99
69 100
69 106
80 107
80 108
80 109
80 110
58 80
80 111
109 112
109 113
31 109
109 114
109 115
109 116
109 117
118 119
106 118
118 120
46 118
118 121
46 122
46 123
6 46
46 68
46 124
15 46
5 46
20 34
7 20
20 125
20 126
20 127
20 21
20 86
20 44
86 128
86 127
86 129
23 86
48 130
48 98
19 48
27 48
48 131
48 132
48 133
48 134
135 136
34 135
68 135
79 135
135 137
22 135
23 135
22 113
17 22
22 138
22 104
22 139
22 140
22 44
22 23
22 50
9 54
9 141
9 142
6 9
9 143
9 15
9 144
9 101
9 36
23 145
23 146
6 23
23 104
23 63
23 110
33 89
33 147
33 84
27 33
33 139
33 148
147 148
76 148
120 148
148 149
114 148
148 150
93 148
36 148
136 151
90 136
61 136
108 136
34 136
31 136
136 152
18 153
18 34
18 125
18 154
18 32
18 155
18 144
122 145
122 123
122 156
21 122
122 134
17 60
17 157
17 104
17 41
17 158
17 134
54 57
6 54
54 73
54 152
53 55
55 159
55 107
19 55
29 55
55 152
40 159
29 159
159 160
16 159
159 161
150 159
58 159
83 159
159 162
84 129
129 163
7 129
45 129
5 129
13 129
129 164
15 129
84 165
84 139
84 100
6 145
6 35
6 123
6 165
6 65
6 166
141 165
79 165
28 165
164 165
76 131
76 100
76 82
76 150
76 106
50 76
131 167
78 131
131 168
131 133
131 169
5 7
7 108
7 143
7 45
7 126
7 44
28 167
28 170
28 171
28 120
28 29
28 137
28 164
28 152
28 93
29 102
29 105
16 29
29 172
102 173
126 173
156 173
168 173
173 174
98 173
160 173
154 173
164 173
152 173
126 142
126 146
126 175
126 156
81 126
128 140
140 176
35 140
140 177
140 157
124 140
113 140
140 178
49 140
140 162
88 113
113 179
107 113
5 113
56 113
113 115
53 71
4 71
71 180
71 143
70 71
71 181
64 71
71 83
64 181
123 181
41 181
98 181
181 182
166 181
144 181
56 112
56 91
27 56
56 74
56 171
56 162
119 171
63 171
81 171
124 171
132 171
163 171
162 171
85 114
114 145
112 114
114 174
114 166
93 114
44 90
4 44
44 183
44 184
44 150
68 150
70 150
150 184
74 150
150 185
150 162
144 150
59 63
59 149
59 98
59 73
59 158
59 134
134 179
130 134
134 142
27 134
134 178
21 134
151 152
34 152
152 160
93 152
152 185
16 179
16 36
16 45
16 186
16 137
16 144
16 58
16 185
104 144
144 174
101 144
38 75
75 145
75 187
75 91
75 188
75 94
13 75
42 75
75 189
38 128
38 97
30 38
15 38
38 189
38 169
38 162
145 146
145 180
83 145
117 145
145 189
93 145
60 112
103 112
112 124
112 180
112 186
112 132
112 190
60 142
60 90
60 124
60 68
60 191
60 73
60 184
60 178
60 158
4 53
4 138
4 168
4 74
4 155
4 43
63 167
121 167
167 183
91 167
167 184
133 167
167 170
121 192
103 121
121 183
121 133
8 121
24 121
40 177
91 177
177 191
137 177
14 177
49 177
64 177
117 177
40 130
40 97
40 191
30 40
40 162
157 192
35 157
157 176
157 185
27 142
27 147
19 27
27 74
27 36
19 139
19 110
19 82
68 74
61 68
5 68
68 79
68 191
68 166
41 151
41 187
41 123
34 41
41 105
41 42
41 95
13 41
8 41
42 151
42 193
5 42
42 95
42 176
42 43
156 194
62 194
124 194
163 194
115 194
50 194
93 124
124 162
63 182
174 182
98 182
102 182
182 184
102 130
82 102
49 102
94 102
70 151
70 188
70 90
43 70
70 166
70 115
70 111
107 137
65 137
137 161
106 137
137 185
161 195
34 161
81 161
161 163
93 161
147 164
5 164
133 164
111 164
82 103
82 196
73 82
81 82
5 32
31 32
32 158
32 197
97 158
63 158
98 158
31 158
64 141
64 120
64 72
64 183
64 106
64 197
8 192
8 172
8 105
8 116
83 197
83 189
83 93
34 93
93 143
93 190
93 101
88 111
89 111
108 111
85 111
111 115
111 166
88 179
88 142
88 138
88 107
88 153
88 149
85 88
88 178
72 88
142 195
142 170
142 180
90 142
36 142
170 195
180 195
125 195
163 195
89 127
89 175
89 198
89 139
30 89
14 89
90 186
47 90
90 162
103 179
52 103
99 103
103 190
24 103
138 151
127 138
138 153
138 139
95 138
58 138
99 107
107 156
62 107
49 107
65 107
5 108
151 199
196 199
139 199
168 199
99 199
13 199
105 199
104 196
183 196
160 196
108 196
196 197
162 196
185 196
91 188
91 147
91 183
21 91
91 116
91 117
141 183
43 183
120 180
116 120
120 190
78 168
81 168
166 168
45 62
45 186
45 176
13 45
45 47
15 45
85 141
85 156
85 143
79 85
15 85
52 186
123 186
78 186
160 186
81 186
47 186
73 81
99 160
160 166
24 160
43 192
74 193
74 185
14 175
14 169
14 24
153 155
132 155
116 155
50 155
49 79
49 189
49 50
104 197
125 197
58 97
58 63
58 65
65 151
62 65
65 101
52 162
30 162
47 162
162 185
24 162
24 52
24 127
24 36
175 179
178 179
179 187
151 188
147 151
99 151
132 151
147 188
31 188
117 188
53 191
53 154
146 198
146 187
105 175
175 189
35 119
35 61
21 35
35 166
35 101
178 180
117 180
180 190
52 153
72 153
95 153
110 153
34 187
104 174
50 104
57 139
95 139
99 139
139 178
79 141
79 193
79 198
79 156
72 130
30 72
31 72
72 106
98 174
100 174
98 119
95 130
57 95
62 95
95 176
13 95
95 116
97 99
99 154
106 154
154 190
132 133
47 78
47 176
47 123
47 101
110 170
21 128
21 189
21 50
115 200
115 185
57 166
78 166
117 187
117 170
117 191
128 190
190 191
62 101
185 200
185 192
97 130
97 143
31 97
36 97
62 63
172 192
119 172
105 172
147 198
116 147
193 198
119 193
123 198
30 198
108 119
108 156
141 143
62 128
62 191
13 62
100 105
31 105
30 169
169 176
31 100
178 187
15 169
116 170
128 189
127 200
57 127
57 170
141 170
