200 1023
1 2
3 4
5 6
5 7
5 8
9 10
9 11
12 13
14 15
16 17
18 19
20 21
20 22
23 24
25 26
25 27
28 29
30 31
30 32
33 34
18 35
36 37
36 38
36 39
40 41
42 43
44 45
46 47
48 49
50 51
52 53
37 54
37 55
56 57
56 58
30 55
36 59
60 61
62 63
63 64
65 66
65 67
68 69
68 70
11 68
71 72
34 73
74 75
53 76
77 78
56 79
47 79
80 81
5 82
82 83
38 84
2 85
86 87
47 78
14 77
88 89
75 90
91 92
54 61
93 94
95 96
49 97
98 99
98 100
53 101
19 37
52 76
7 102
103 104
100 103
103 105
6 8
24 84
106 107
39 108
17 73
52 109
68 110
50 111
92 111
26 112
85 86
27 113
114 115
81 116
98 117
118 119
118 120
108 118
121 122
80 123
44 49
23 124
40 77
40 125
86 126
96 126
8 112
8 127
78 128
44 109
61 112
129 130
55 131
31 77
65 132
80 111
1 121
110 133
119 134
124 134
56 134
73 84
27 135
36 124
136 137
41 127
55 138
26 139
49 83
49 89
15 140
32 99
75 131
141 142
33 143
116 144
48 70
32 39
26 32
63 141
32 145
32 45
66 146
63 135
2 103
13 147
52 103
48 148
69 118
26 149
149 150
39 140
39 50
39 102
2 137
34 117
50 138
27 114
3 38
3 10
67 140
151 152
9 151
21 37
10 153
150 154
107 154
139 154
3 31
63 155
112 156
54 156
53 92
157 158
51 75
51 119
47 159
60 160
26 49
26 130
10 161
58 115
58 131
47 87
71 78
24 78
38 132
84 120
66 109
42 162
162 163
82 164
105 165
48 59
48 99
45 110
15 83
14 78
14 109
146 155
43 131
8 88
1 115
96 166
97 166
160 167
51 113
94 168
52 101
28 123
113 132
95 122
83 169
83 170
82 106
53 106
6 17
103 118
125 171
19 88
101 104
44 172
44 106
112 173
102 173
75 97
105 133
174 175
116 142
13 145
127 142
43 134
74 138
86 89
15 86
92 145
58 82
39 58
158 168
13 102
102 127
87 175
125 163
103 125
40 122
14 22
29 152
114 137
23 176
155 165
100 117
12 117
26 62
26 54
12 140
38 158
38 82
38 152
6 103
1 158
91 114
45 91
10 177
174 177
10 178
17 26
17 177
17 40
17 106
84 178
37 164
46 157
89 119
172 177
96 172
159 172
24 179
127 179
2 179
22 54
77 92
71 120
27 103
50 99
67 73
18 180
118 180
92 180
59 180
111 180
92 175
45 175
127 175
144 181
133 144
119 165
66 100
54 101
6 97
17 182
61 182
174 183
75 177
87 122
101 170
98 101
123 184
110 150
6 150
10 150
102 184
103 184
17 81
96 109
96 178
86 130
10 130
63 130
173 185
123 127
130 186
19 186
113 160
69 109
24 187
24 49
112 128
18 60
18 20
18 76
112 182
29 112
24 161
69 188
58 166
48 160
135 160
67 161
21 161
20 161
147 186
156 186
127 187
41 189
41 78
41 84
41 88
130 142
142 175
108 130
96 123
81 113
19 81
81 156
128 174
65 190
101 110
38 101
75 101
10 133
10 94
163 183
75 134
75 129
75 113
2 183
38 183
6 183
101 156
182 191
111 182
58 182
37 47
47 162
47 154
153 192
126 153
13 92
66 67
119 149
119 181
119 144
75 180
124 180
38 180
104 144
67 109
32 67
67 137
11 97
11 156
4 64
23 64
71 107
71 129
115 116
115 130
15 77
77 172
60 115
77 115
25 99
22 123
22 126
31 173
31 51
149 172
53 172
31 89
109 157
10 157
136 157
4 138
53 164
106 155
40 47
44 178
173 178
178 187
108 178
17 65
102 178
109 178
37 109
13 177
142 158
54 177
43 193
37 43
87 192
87 194
6 26
54 169
25 32
38 128
42 194
171 189
188 189
144 189
20 195
50 128
68 196
25 117
83 117
1 164
1 100
26 137
26 119
26 144
79 191
79 136
39 190
52 176
115 137
94 110
55 110
16 110
57 73
29 57
31 57
25 49
54 197
15 45
15 67
101 134
14 84
148 194
13 14
14 118
14 60
44 111
131 148
34 148
158 189
91 117
71 119
95 176
36 79
40 126
118 139
89 139
6 125
175 194
94 197
67 168
26 98
26 79
15 198
68 165
97 162
79 86
79 84
6 113
25 134
95 106
95 174
95 180
46 133
18 142
98 145
98 151
145 191
10 142
102 166
79 106
102 137
174 194
124 172
105 173
41 70
9 75
28 173
41 166
41 43
166 196
78 89
44 160
104 199
23 44
161 185
116 161
161 178
49 88
58 83
110 171
42 198
128 180
96 129
22 156
100 196
4 118
17 54
38 99
49 99
5 106
96 188
94 173
129 173
32 173
147 188
96 122
12 122
53 173
11 52
2 123
123 128
52 167
148 168
21 51
51 126
70 143
64 154
9 123
73 166
67 166
33 113
153 155
44 155
87 146
89 102
26 103
110 194
175 198
162 197
48 82
51 95
34 165
57 96
28 96
82 163
71 82
13 152
79 120
2 120
132 183
78 102
45 174
108 154
31 131
58 146
42 58
28 121
113 161
16 166
10 140
61 187
2 88
2 7
158 178
130 158
26 58
135 171
102 141
79 87
87 153
87 191
153 199
51 70
105 144
16 63
87 130
58 64
91 153
153 177
26 123
151 192
143 193
140 170
140 178
16 67
126 198
44 198
83 177
15 185
41 120
63 117
39 137
81 147
149 156
149 199
57 74
29 136
163 174
35 116
61 93
147 169
2 29
59 188
57 194
1 149
32 180
141 170
32 200
152 186
128 152
48 127
31 151
85 134
70 134
98 134
109 148
91 109
107 141
59 121
58 103
102 167
8 181
111 146
107 162
22 193
99 200
15 18
15 114
70 123
13 47
127 130
47 139
20 89
54 162
63 138
42 171
24 171
172 197
138 195
23 138
44 194
4 157
8 50
21 136
103 164
46 167
179 193
79 193
45 56
93 154
97 134
8 157
134 194
82 133
64 195
50 189
2 189
126 163
8 122
69 148
28 114
137 196
107 121
72 89
49 121
25 65
40 108
136 185
61 167
26 113
107 197
25 33
129 148
38 44
8 108
126 150
40 50
6 163
69 88
41 197
5 36
173 184
127 145
11 179
124 179
108 190
112 181
59 197
24 110
116 159
7 131
152 188
111 126
27 56
74 77
85 116
85 109
67 114
65 192
166 187
133 141
4 125
45 111
20 26
54 163
54 55
88 106
17 95
106 110
84 90
45 109
25 109
59 179
142 147
37 73
92 179
92 148
59 126
46 195
6 54
73 114
15 124
88 124
70 108
110 126
120 153
60 184
37 49
11 17
149 155
126 171
11 100
85 98
97 140
45 52
32 115
34 82
65 188
54 140
34 112
191 200
179 197
169 185
35 182
91 198
42 135
63 88
13 199
125 142
71 77
66 137
60 95
3 86
51 85
8 151
8 191
80 86
79 117
10 77
61 76
12 16
32 165
55 63
159 199
89 144
25 39
55 93
61 77
38 166
36 58
71 200
30 141
15 200
138 190
73 179
129 180
93 153
64 199
138 139
149 197
47 180
23 167
20 28
76 160
15 72
84 105
12 150
1 19
59 161
8 14
31 159
129 196
42 54
13 187
143 198
95 129
52 119
159 176
57 153
79 179
44 65
97 120
29 194
42 130
57 72
53 57
10 50
18 149
110 187
13 143
162 170
102 140
128 166
38 189
59 177
25 131
51 67
40 168
20 53
35 56
18 162
5 114
92 98
14 200
154 194
46 179
12 30
9 53
33 58
58 61
3 139
62 64
12 58
97 169
72 146
68 159
117 171
13 80
59 100
150 171
155 194
116 151
79 100
18 176
116 178
53 191
47 112
20 105
10 71
24 36
59 99
160 179
62 112
64 94
31 160
132 179
4 124
101 169
152 165
38 59
132 151
53 91
28 122
120 130
60 172
81 117
34 176
115 134
40 139
20 129
182 200
40 165
1 86
35 127
110 136
100 156
125 147
5 189
56 107
11 168
31 76
98 154
6 196
56 74
66 74
78 181
66 162
61 90
135 197
13 55
110 112
15 22
17 140
50 183
7 46
24 132
83 183
85 115
10 151
60 109
4 126
109 172
51 188
24 77
12 17
1 33
88 166
30 59
27 39
10 58
34 75
42 66
14 52
43 94
103 147
121 164
76 153
59 103
111 195
43 173
136 154
146 177
33 183
34 125
136 191
151 153
6 29
94 166
52 132
1 170
33 118
47 58
28 129
135 151
5 30
53 118
193 197
42 122
118 170
92 116
42 157
20 104
47 56
130 170
9 67
177 187
58 189
34 191
71 161
93 166
147 173
65 93
11 185
73 172
21 64
109 150
47 108
35 83
13 126
17 83
1 140
8 154
21 114
29 76
176 200
50 194
52 158
180 187
60 108
106 157
44 193
16 182
50 153
43 95
95 171
110 195
75 182
43 68
13 54
164 173
35 178
153 196
110 129
8 26
15 170
98 148
118 198
31 153
19 132
99 151
75 170
20 177
8 163
108 117
106 146
37 192
38 192
73 192
190 192
120 192
115 192
166 192
