200 961
1 2
3 4
5 6
7 8
9 10
9 11
12 13
14 15
11 16
16 17
18 19
20 21
20 22
23 24
25 26
27 28
4 11
29 30
31 32
33 34
31 35
36 37
38 39
40 41
40 42
43 44
18 45
21 46
26 46
47 48
47 49
50 51
14 50
52 53
53 54
18 55
8 56
43 56
57 58
38 59
60 61
17 62
17 63
41 64
64 65
11 66
7 32
66 67
68 69
68 70
46 47
71 72
71 73
74 75
26 58
76 77
1 78
30 62
24 62
55 79
60 80
35 69
43 69
81 82
11 39
27 83
42 61
61 84
52 85
85 86
87 88
31 89
7 90
90 91
8 92
93 94
67 95
15 96
41 59
87 97
52 98
52 99
60 100
14 44
39 59
91 101
16 101
102 103
104 105
68 106
93 97
97 107
77 97
72 108
37 109
18 25
24 110
86 111
57 78
32 75
14 30
29 112
24 58
65 113
72 99
42 114
101 112
104 115
2 98
59 98
33 98
115 116
117 118
49 58
15 119
37 64
35 64
64 120
4 121
9 25
21 24
36 75
67 122
2 123
110 123
124 125
61 126
8 127
75 128
128 129
77 128
54 128
110 121
19 124
4 19
10 19
1 19
18 130
27 130
45 131
78 120
132 133
34 134
16 63
25 63
41 84
77 121
79 135
136 137
62 138
25 100
95 139
56 102
11 106
77 100
67 68
15 140
110 140
93 141
59 142
46 143
144 145
61 98
141 146
79 94
79 147
43 146
70 74
58 74
2 74
129 148
149 150
24 151
24 149
139 149
67 152
94 152
86 152
120 152
107 130
107 140
58 107
77 105
61 77
87 153
10 143
30 154
30 120
63 69
33 67
132 155
6 125
15 48
72 106
32 156
91 157
11 126
44 129
53 129
57 75
71 121
44 75
44 56
37 44
7 158
102 158
123 133
24 143
60 158
93 159
84 160
61 160
23 152
26 154
154 160
154 161
44 130
44 133
115 118
78 144
5 50
115 129
4 153
100 162
13 28
82 120
63 150
110 150
51 56
51 163
15 51
43 51
100 164
154 164
102 164
158 164
93 161
10 155
107 165
59 147
92 166
34 167
34 155
22 143
7 168
105 168
46 96
61 164
61 62
66 131
131 150
70 149
21 55
57 94
1 4
4 80
13 137
137 169
118 154
53 155
59 119
25 59
41 170
86 126
59 126
120 171
6 171
138 164
154 172
38 75
38 62
110 173
168 174
119 174
3 47
84 175
29 175
156 176
2 176
105 176
16 67
38 144
4 131
172 175
80 172
58 139
100 114
74 91
74 104
86 110
39 61
39 64
101 120
57 120
120 177
1 129
3 129
93 129
86 133
86 167
2 170
146 170
102 170
140 178
108 156
104 108
34 108
98 149
62 179
72 131
145 155
93 145
126 145
17 163
17 41
8 72
35 180
21 181
77 182
92 182
69 182
18 182
148 182
7 183
83 157
56 146
95 161
42 184
2 80
49 54
15 56
54 59
47 54
72 95
8 95
8 185
173 185
141 185
84 185
47 90
90 160
185 186
54 73
54 150
54 134
34 80
20 181
5 181
173 181
61 181
181 187
123 149
149 182
76 149
26 149
146 150
24 146
25 184
129 156
45 156
83 163
35 179
35 146
48 93
82 182
6 159
4 180
130 180
72 159
90 139
17 188
176 179
108 179
98 186
88 98
62 98
108 184
169 182
162 169
117 169
30 169
100 181
86 101
86 137
44 86
78 129
113 129
120 157
15 86
100 189
74 111
53 100
100 148
100 107
11 62
143 169
25 169
130 134
130 153
33 58
25 171
12 23
67 159
67 164
67 111
67 158
4 152
4 190
175 179
175 191
88 175
60 103
76 191
31 191
9 191
3 185
1 167
1 30
1 100
53 167
25 90
15 25
46 174
57 173
119 167
92 173
81 174
164 191
38 42
106 142
66 123
91 142
85 142
35 172
85 188
171 174
5 126
126 191
59 143
58 151
121 137
4 162
145 179
38 91
91 141
94 125
40 192
82 192
65 70
114 124
35 131
55 64
83 151
130 151
28 151
1 46
43 86
50 168
102 124
22 152
15 22
42 138
42 65
11 185
160 182
128 192
147 164
93 121
6 8
8 35
17 133
105 167
94 163
18 154
78 167
18 152
12 18
18 67
20 35
49 136
75 164
51 167
51 143
51 101
51 67
5 163
13 65
159 163
143 163
82 177
85 118
118 191
28 58
18 162
157 162
12 128
48 153
153 193
50 115
34 139
31 154
23 113
4 160
52 160
38 142
93 160
1 177
58 158
64 158
76 158
158 194
97 189
53 128
31 44
44 90
44 195
47 136
75 171
75 159
125 187
62 129
42 178
51 65
4 182
94 161
5 142
67 86
11 54
92 157
83 148
2 112
102 196
23 48
48 172
167 171
68 100
63 178
63 176
39 132
96 184
124 181
30 130
52 153
43 107
87 137
11 27
27 147
3 96
130 139
18 172
18 73
61 106
79 80
49 188
116 146
49 141
116 149
92 106
148 179
111 147
6 162
54 168
42 197
23 96
94 191
167 172
135 188
74 113
63 92
54 171
98 119
12 138
158 174
8 111
68 195
3 68
77 140
45 180
3 50
106 153
21 196
84 132
17 79
17 128
74 117
41 191
46 186
12 25
138 163
115 180
96 148
136 181
50 148
31 74
78 179
68 141
125 135
121 122
85 117
63 144
34 182
14 33
11 132
78 165
85 136
89 161
10 130
19 138
49 189
52 190
69 153
41 125
22 127
123 131
44 61
124 176
37 115
69 180
55 196
111 123
122 163
123 147
13 194
139 150
55 75
21 38
43 188
100 121
121 147
165 193
130 154
60 67
17 97
58 71
2 148
117 191
102 116
73 98
98 134
103 104
82 129
41 113
42 142
67 109
22 167
20 197
14 59
111 134
109 130
6 25
77 111
69 81
70 85
22 37
105 108
29 59
9 43
146 159
49 85
157 198
45 97
68 156
82 104
84 102
7 189
104 137
24 190
15 101
136 163
29 84
104 135
123 126
23 60
138 197
74 87
14 47
76 155
41 161
26 99
164 183
30 136
86 95
121 161
5 104
166 195
142 192
120 181
93 103
28 92
101 104
7 154
89 90
88 181
78 85
148 157
74 85
83 130
95 148
30 47
62 89
59 139
106 127
113 146
89 147
27 106
81 106
42 62
120 165
49 82
38 164
69 160
50 69
87 175
15 85
105 199
55 127
105 134
89 186
74 160
58 121
62 67
13 176
50 124
69 175
46 80
50 68
33 122
87 186
51 161
32 50
88 154
60 188
12 49
53 159
181 183
92 195
57 142
60 178
38 81
57 63
108 109
85 140
56 171
166 197
104 190
28 159
5 79
34 165
151 167
46 151
83 192
42 198
151 169
54 87
47 161
10 177
24 188
151 170
30 142
45 182
169 183
78 84
54 56
22 171
37 96
16 104
34 57
93 130
49 109
110 194
23 103
182 200
40 93
177 182
191 200
115 130
29 189
56 85
73 132
107 183
13 154
21 108
24 107
60 88
5 187
56 169
24 108
25 70
70 191
10 23
77 160
100 123
20 188
18 113
6 111
134 143
5 136
7 98
150 183
17 152
16 136
14 82
15 134
12 166
119 140
3 14
40 45
21 182
35 76
129 191
35 119
81 163
15 84
48 187
30 146
56 124
73 105
2 126
45 186
51 53
13 143
2 199
98 180
93 98
86 188
57 70
72 176
64 70
34 180
27 191
70 82
117 189
90 170
64 172
25 109
50 114
44 72
17 72
178 180
48 196
46 172
133 143
62 178
76 192
6 80
101 131
31 184
166 169
114 149
147 159
129 130
4 175
124 188
125 165
78 185
8 50
57 101
35 97
19 130
58 131
172 196
168 199
15 89
82 128
73 93
82 148
6 108
28 90
129 189
22 123
104 125
28 95
114 147
91 94
51 156
38 93
83 178
41 48
26 151
118 175
1 171
173 189
66 114
23 37
91 169
109 152
60 113
1 93
69 84
73 88
74 172
143 164
56 87
78 122
73 157
85 137
9 140
102 121
3 84
101 180
2 85
100 150
30 141
50 117
14 119
42 157
46 125
75 129
131 191
129 154
48 143
33 75
19 30
51 168
27 165
7 174
89 155
4 169
52 177
99 141
112 152
118 197
31 176
105 114
59 191
91 198
65 85
87 191
99 200
76 126
158 192
29 66
54 156
75 183
72 138
44 144
67 136
103 116
53 91
81 95
11 40
79 180
25 126
108 162
61 180
21 172
135 192
96 151
21 158
71 80
82 100
75 158
114 148
63 99
26 164
68 189
85 144
36 179
39 139
94 155
2 56
