200 864
1 2
3 4
5 6
7 8
9 10
11 12
13 14
15 16
15 17
18 19
2 20
19 21
22 23
24 25
16 26
13 27
28 29
28 30
31 32
31 33
8 34
35 36
37 38
39 40
39 41
42 43
44 45
43 46
47 48
47 49
24 50
8 51
52 53
3 21
3 48
54 55
56 57
58 59
24 60
61 62
61 63
61 64
65 66
10 65
67 68
30 67
48 69
70 71
72 73
38 74
6 75
76 77
78 79
9 80
43 60
81 82
7 81
83 84
76 85
24 32
5 86
81 86
87 88
76 89
76 90
91 92
93 94
53 95
96 97
69 96
25 96
98 99
55 98
73 100
33 86
48 101
102 103
22 104
18 105
106 107
108 109
91 108
110 111
73 110
59 110
110 112
45 113
111 114
114 115
75 116
94 117
73 118
55 75
119 120
121 122
26 58
27 123
95 124
28 37
101 125
46 103
55 126
102 127
9 65
9 11
52 87
113 128
86 129
100 119
88 100
49 100
16 29
14 130
131 132
6 133
83 134
48 52
36 103
36 135
11 18
11 88
34 120
34 136
104 137
113 137
54 138
55 127
69 127
19 127
139 140
86 141
13 141
66 70
60 142
60 143
90 143
19 144
19 41
35 95
35 130
89 103
23 89
124 145
5 8
5 146
147 148
18 40
68 149
40 142
133 150
40 80
115 132
108 151
99 152
28 153
26 62
141 154
66 78
78 155
53 78
152 156
19 120
48 157
85 121
74 105
9 158
45 87
18 79
72 82
114 146
82 105
75 146
107 147
86 159
94 160
55 161
83 97
68 97
30 134
63 130
66 162
81 163
19 81
81 94
25 65
31 145
53 79
53 62
118 164
117 165
74 117
58 131
20 104
20 73
99 135
12 129
133 166
32 109
61 111
8 25
8 90
57 112
122 167
86 167
9 48
47 168
105 169
13 93
18 154
123 170
40 170
78 141
33 38
103 107
119 171
68 171
149 172
4 173
72 157
22 156
79 174
62 175
6 38
9 30
30 175
30 125
70 123
70 163
15 176
17 49
17 94
9 26
77 95
30 64
64 177
49 105
39 165
86 178
33 145
149 179
66 179
9 179
2 179
59 98
59 180
46 59
146 181
75 182
6 182
38 182
91 158
3 129
88 109
91 101
91 183
34 103
7 34
34 102
103 131
10 90
25 163
1 161
1 64
66 132
66 126
54 66
2 145
145 165
108 177
101 177
160 177
87 177
7 184
170 185
7 186
137 186
37 87
92 125
60 78
55 60
37 101
41 186
16 47
113 159
84 87
82 108
23 113
23 38
40 171
112 120
120 150
103 120
130 187
61 188
101 188
10 122
38 148
71 174
71 144
71 165
7 38
7 36
65 86
19 65
29 65
63 65
10 55
15 139
23 41
42 104
60 155
140 163
87 163
163 181
163 189
36 79
79 144
79 138
25 79
67 155
33 111
21 104
38 104
41 130
155 190
43 65
57 148
148 176
148 191
119 136
89 136
35 136
44 136
67 188
2 158
2 89
147 187
131 187
54 120
21 120
18 120
40 110
40 147
16 67
16 53
16 191
16 151
23 74
23 94
23 52
57 119
57 191
57 110
57 192
13 47
47 192
91 186
152 186
49 193
9 60
60 100
80 167
92 178
37 92
24 37
78 186
168 184
71 184
127 177
63 189
121 165
134 178
10 145
90 166
90 120
90 141
66 169
87 158
25 114
1 25
90 169
75 158
119 158
5 34
112 194
97 194
91 124
41 88
91 116
41 67
21 182
149 155
167 173
162 181
43 181
24 173
99 180
14 179
130 145
173 178
63 178
137 178
1 153
11 153
60 165
109 163
45 109
30 135
109 147
109 134
77 100
77 148
38 53
17 190
42 73
108 176
160 176
176 189
42 136
26 171
26 74
26 195
52 75
44 174
36 175
75 165
1 75
16 156
147 156
75 157
42 89
118 171
137 170
6 171
87 171
133 171
103 160
89 173
75 124
38 49
4 20
62 127
2 132
101 117
4 47
81 99
13 107
35 51
121 141
109 152
107 109
104 166
75 166
86 166
48 144
33 112
112 138
8 13
100 112
45 111
112 134
34 196
95 129
27 146
51 185
58 130
23 181
167 186
141 197
17 198
18 164
9 131
131 190
41 184
53 107
20 146
25 123
25 97
81 84
2 81
56 125
162 189
162 197
102 134
103 134
86 134
25 90
112 160
160 197
44 160
77 129
77 85
46 98
110 162
25 75
68 159
25 176
25 78
115 154
192 199
146 156
68 146
49 189
7 189
13 185
45 104
45 97
14 52
2 175
22 188
132 133
45 103
92 165
59 131
138 191
81 129
151 169
114 151
9 77
67 162
8 99
4 85
27 190
71 77
157 162
58 122
81 181
62 79
29 100
40 166
117 185
41 55
55 143
55 119
8 56
119 196
26 98
26 65
28 32
32 124
32 70
27 141
152 153
153 173
7 60
62 72
72 185
57 90
106 152
38 161
55 151
90 117
67 176
38 80
90 133
113 139
136 198
136 200
62 156
67 111
2 142
89 159
158 159
68 92
159 171
25 40
84 111
111 124
60 196
155 184
191 198
62 85
18 51
97 161
27 156
87 161
124 200
43 89
27 148
104 119
58 167
36 74
21 164
12 99
19 59
19 153
6 163
6 64
102 142
64 142
73 114
17 60
70 98
18 200
46 200
7 53
139 163
107 127
149 175
165 169
96 138
82 123
4 82
82 148
171 178
137 198
34 168
118 192
36 40
65 133
17 131
128 131
63 140
82 109
117 189
9 29
100 122
38 146
38 87
14 32
175 181
59 157
38 69
52 196
140 197
58 168
67 168
156 168
112 127
70 105
154 188
75 85
50 126
41 42
115 187
24 125
102 124
28 58
7 148
72 164
37 121
133 168
41 74
41 75
118 199
2 118
94 116
29 114
158 191
190 195
91 149
14 76
97 120
151 196
32 86
9 39
110 163
120 153
36 195
117 132
73 181
33 183
118 144
132 183
116 149
95 166
8 108
21 79
41 108
5 99
30 91
104 147
118 172
79 118
130 162
77 174
99 189
15 122
21 45
4 126
35 140
37 64
110 123
1 158
126 195
33 133
118 141
146 147
157 173
42 169
98 121
96 152
93 149
1 99
60 86
32 187
79 85
74 89
11 164
165 171
176 190
64 198
68 134
28 67
78 140
154 193
6 180
13 74
97 176
52 72
72 135
45 67
10 105
60 61
56 91
27 78
78 92
76 103
18 168
54 193
3 15
187 197
49 183
40 133
50 177
23 46
186 200
93 170
26 66
150 176
37 54
35 134
14 161
181 186
34 101
102 178
51 178
28 168
68 174
123 139
43 72
27 99
43 62
154 197
54 94
7 192
39 44
16 94
55 182
68 155
24 159
68 150
24 107
138 160
72 172
58 166
20 90
133 184
12 72
13 22
76 116
11 38
85 197
3 200
2 133
111 185
83 161
62 126
36 162
5 157
1 111
28 161
36 154
57 145
119 148
64 127
44 49
29 199
32 153
145 173
93 188
115 121
18 156
7 49
126 159
121 159
171 199
84 173
174 186
10 42
25 173
39 135
6 158
76 170
112 131
81 185
56 149
45 164
7 198
98 109
13 109
170 190
17 134
95 171
22 129
58 119
101 183
35 40
134 135
79 96
4 42
59 175
20 27
65 178
62 134
114 187
58 146
36 168
70 140
29 55
9 146
2 46
70 96
129 187
87 89
175 198
17 192
101 113
36 178
137 196
169 190
72 110
67 114
62 115
16 131
140 154
5 67
131 199
9 112
33 67
38 181
112 128
23 60
70 164
53 65
88 115
41 157
45 194
116 164
35 183
142 171
16 183
9 25
92 123
73 137
55 141
30 150
60 150
7 150
52 150
150 182
150 166
84 150
150 200
