200 1163
1 2
3 4
5 6
5 7
8 9
10 11
12 13
14 15
14 16
14 17
11 18
14 19
19 20
21 22
23 24
23 25
26 27
28 29
28 30
31 32
15 33
15 34
5 35
35 36
37 38
37 39
10 40
2 41
42 43
44 45
46 47
30 48
15 49
4 49
50 51
52 53
54 55
56 57
8 58
59 60
61 62
63 64
65 66
5 40
67 68
14 51
69 70
71 72
73 74
33 73
29 75
76 77
30 35
14 35
25 50
50 78
79 80
79 81
52 82
80 83
84 85
84 86
66 84
81 87
76 87
8 87
88 89
90 91
90 92
30 93
81 93
87 94
44 64
64 95
64 81
94 96
97 98
97 99
11 100
101 102
28 101
90 103
104 105
21 39
86 106
17 107
57 108
99 109
57 109
109 110
103 109
111 112
18 111
27 111
105 113
78 84
66 87
11 114
39 75
102 115
10 116
48 117
110 117
47 99
86 102
78 118
31 118
75 118
118 119
31 48
105 120
59 121
18 69
88 105
78 79
17 122
120 122
105 122
51 123
105 124
125 126
27 127
127 128
95 128
55 129
105 130
98 131
40 132
132 133
124 132
58 132
134 135
78 134
126 134
108 128
29 126
43 74
74 80
74 136
9 137
72 138
73 139
103 121
96 103
29 73
32 109
73 140
73 87
115 141
17 138
7 17
17 142
17 74
17 143
33 144
139 145
24 145
97 146
15 147
3 11
148 149
46 148
62 125
98 150
61 95
95 114
17 128
128 151
64 108
62 76
5 36
6 150
27 115
123 152
19 153
19 122
154 155
145 156
66 156
156 157
65 80
26 45
153 158
80 159
109 159
55 96
41 94
15 135
33 132
48 160
43 142
96 142
9 126
71 144
120 145
9 161
33 84
24 33
119 162
119 133
84 155
44 137
59 116
99 116
13 116
49 118
129 132
127 139
127 150
32 127
101 115
120 163
4 156
4 11
26 155
4 5
4 126
32 164
132 154
48 154
73 158
25 103
83 97
28 165
16 133
26 41
28 153
136 166
39 167
13 39
89 168
48 169
148 162
104 129
47 87
50 111
170 171
27 172
166 172
137 173
39 166
53 128
34 174
75 175
75 159
87 125
4 125
140 163
153 176
130 176
3 149
102 143
143 177
37 178
40 179
74 95
51 109
51 103
57 162
4 57
144 158
138 159
140 151
92 141
57 92
17 61
1 180
175 180
96 179
27 179
133 179
68 145
68 129
135 181
36 90
125 163
118 182
20 84
8 183
66 83
78 178
78 115
16 165
12 177
104 135
39 135
71 87
14 176
43 102
116 184
48 151
95 170
62 115
11 185
70 185
6 32
60 125
60 186
17 151
12 16
41 102
106 173
102 130
166 181
135 173
26 173
110 170
106 150
25 61
124 163
124 168
115 143
29 66
144 178
109 112
40 112
93 104
17 104
102 112
61 103
152 187
103 187
48 68
68 80
68 77
168 188
38 139
6 56
135 189
40 46
40 89
38 40
68 189
115 190
151 190
190 191
27 153
27 142
121 157
128 157
6 15
92 180
141 180
13 180
36 138
18 36
36 131
29 40
29 62
29 134
29 135
6 70
70 80
39 192
25 109
5 70
18 110
130 155
119 155
155 180
38 155
151 182
172 182
104 182
30 189
82 85
82 143
75 82
110 191
171 182
48 132
6 62
98 152
38 62
62 142
95 113
50 113
98 113
64 113
57 113
17 24
35 136
7 173
7 177
7 156
141 177
37 140
99 135
99 132
89 102
99 102
138 171
108 138
163 167
109 167
138 161
161 168
55 140
55 131
55 193
55 166
51 55
88 161
13 167
61 167
3 14
3 165
3 119
113 138
37 138
40 102
57 102
99 128
7 16
7 102
2 7
53 136
36 162
68 183
30 113
113 153
113 123
113 134
62 168
45 179
122 152
45 62
62 102
160 169
170 185
29 185
75 185
82 101
167 191
191 194
82 94
49 82
54 82
20 82
82 111
82 83
23 82
30 137
30 190
82 93
182 192
130 182
88 92
133 155
57 155
18 60
18 165
150 155
70 94
34 195
25 72
25 65
170 195
70 110
85 86
86 179
57 86
70 83
70 96
29 67
36 44
27 70
25 167
9 153
50 153
35 180
85 180
6 195
34 157
107 157
30 157
10 190
108 157
127 157
114 156
55 189
141 189
114 166
166 196
87 196
34 196
20 46
20 173
68 128
89 114
89 196
89 197
36 89
20 91
6 197
6 98
61 109
61 172
136 153
61 153
71 153
102 153
59 107
112 186
104 159
112 129
112 163
67 112
1 98
1 161
25 80
21 178
16 66
114 178
58 178
51 143
3 143
124 195
102 124
56 171
36 171
129 171
36 48
48 158
110 124
110 157
21 110
42 110
114 173
90 173
41 173
176 181
109 181
138 181
173 182
48 119
28 41
60 184
151 159
151 185
113 177
111 116
104 111
111 165
27 81
81 187
35 93
51 93
55 93
80 81
81 149
111 173
7 95
95 154
62 175
48 90
144 172
28 48
159 187
50 174
43 145
43 191
68 198
150 172
2 164
24 91
43 45
18 45
124 135
53 190
20 53
77 155
48 173
74 81
13 16
60 61
43 118
66 139
18 66
78 86
37 78
78 82
83 184
39 99
1 164
110 160
59 67
84 153
85 183
111 177
36 121
84 91
84 121
118 125
134 166
166 188
25 194
194 198
89 194
103 194
80 181
68 115
21 199
166 200
102 163
49 57
61 107
9 189
117 148
1 33
1 69
52 91
3 53
141 184
162 186
133 171
28 65
33 40
9 196
40 136
121 181
178 181
75 178
33 61
18 83
92 177
2 92
140 200
65 198
189 198
62 79
47 61
158 160
51 110
144 175
57 95
27 143
120 160
9 45
102 159
106 154
82 106
7 181
125 166
116 140
17 164
14 28
102 194
47 125
26 75
59 117
26 186
116 160
5 68
34 50
34 96
111 191
132 191
44 173
53 94
18 137
122 147
79 122
111 134
110 168
82 87
110 130
69 104
104 158
82 187
148 194
9 44
167 169
169 189
71 169
156 168
39 174
39 138
28 114
126 140
99 114
67 99
83 155
41 185
58 151
168 200
24 134
128 129
70 77
3 151
83 124
83 168
8 83
4 83
179 191
85 191
44 158
170 192
88 169
14 107
17 71
143 182
104 170
77 169
26 135
4 143
156 184
70 109
50 125
31 43
4 38
19 167
6 9
120 195
57 120
45 168
139 198
5 148
149 179
139 149
123 186
114 186
49 193
49 175
3 186
33 51
61 137
37 116
84 199
24 194
112 174
174 188
77 163
109 188
70 196
37 96
64 157
16 144
4 163
133 163
115 140
2 126
116 142
36 158
36 174
160 194
121 160
5 116
96 104
50 94
24 96
93 159
57 110
26 123
97 173
16 70
59 156
177 183
3 66
18 133
171 185
87 129
19 141
123 181
59 181
152 181
46 84
89 183
78 104
80 142
37 195
53 101
116 118
22 80
118 121
5 177
74 118
63 146
19 138
165 200
5 197
129 154
18 64
33 143
54 64
9 128
137 175
61 115
112 178
62 122
164 197
144 200
123 163
129 152
47 154
61 191
148 173
23 117
103 154
26 101
42 148
132 155
36 166
91 172
24 147
12 117
1 74
112 145
95 175
159 183
149 162
12 26
107 153
80 89
75 115
75 123
16 28
66 77
7 135
9 55
15 117
15 27
29 187
35 157
23 103
20 111
6 52
70 95
13 129
72 170
136 137
78 170
67 110
193 196
87 193
115 164
79 200
32 108
1 102
19 185
111 127
131 164
89 189
24 46
12 44
130 174
55 62
3 58
84 104
169 170
177 194
123 127
47 127
51 94
97 111
92 125
94 125
90 125
108 162
51 171
25 188
13 98
8 16
122 157
73 151
105 192
69 193
75 171
10 177
183 187
55 199
89 176
105 138
11 172
76 109
1 31
102 193
121 123
13 118
152 168
20 85
44 99
86 115
18 75
73 142
50 123
83 128
74 194
16 169
4 44
70 115
75 132
161 186
73 156
85 155
15 166
18 80
41 114
24 55
26 87
44 75
155 190
34 179
72 114
103 169
36 152
65 124
76 91
78 92
91 130
105 184
28 115
111 158
78 199
19 105
32 76
85 179
56 108
17 130
145 195
17 137
69 194
71 91
142 194
26 146
158 188
118 167
132 185
142 164
54 95
168 189
9 167
77 181
142 147
90 197
27 130
43 152
115 130
145 188
84 172
13 100
96 176
71 191
52 69
72 160
130 189
65 130
158 159
152 200
105 141
94 121
31 98
4 197
51 69
67 200
90 167
33 100
31 87
124 161
159 173
83 123
33 112
49 127
52 140
100 139
139 186
115 178
55 150
59 79
85 99
28 188
31 131
67 157
50 121
67 79
153 186
17 136
76 197
27 192
91 166
32 73
7 182
121 150
71 76
41 199
12 38
15 195
33 121
10 77
83 118
73 132
113 131
152 182
66 137
62 72
54 193
14 180
24 67
97 196
72 141
39 137
2 143
117 129
146 163
22 67
80 130
5 195
178 179
97 153
58 59
1 92
1 63
124 143
61 199
4 119
59 148
14 174
31 100
8 140
63 192
108 193
22 81
1 151
147 178
143 198
56 65
50 82
139 192
25 83
138 169
46 126
101 166
42 95
2 146
54 175
10 123
8 57
7 35
58 188
21 168
26 82
63 88
21 32
12 101
18 200
15 170
32 145
76 86
64 86
12 102
8 84
5 82
74 98
3 82
124 187
160 200
15 182
39 62
91 200
60 174
99 108
37 141
53 117
107 159
46 161
117 193
80 87
6 38
47 81
27 34
13 65
38 191
6 67
84 137
163 180
12 99
11 116
107 124
2 136
12 121
3 93
93 141
112 165
119 157
96 123
16 164
63 176
144 153
11 77
44 141
158 187
39 176
78 148
27 148
25 173
12 89
53 142
61 154
61 142
92 154
13 69
60 113
20 189
30 45
96 191
3 172
19 120
24 58
39 96
78 101
22 104
141 195
70 166
39 53
123 198
24 132
3 150
46 60
67 183
27 52
91 188
89 164
105 128
184 196
59 138
87 95
46 110
52 159
44 165
10 195
38 168
43 116
58 186
11 58
21 99
141 182
70 72
145 190
20 64
91 116
76 164
93 137
165 188
27 47
17 150
101 125
109 165
192 197
124 156
54 141
65 132
14 39
93 149
47 170
72 109
52 137
54 113
38 195
60 152
69 150
40 189
58 66
81 124
