200 1162
1 2
3 4
5 6
7 8
9 10
11 12
3 13
14 15
16 17
6 18
19 20
21 22
23 24
25 26
25 27
28 29
24 30
31 32
22 33
21 34
35 36
37 38
19 39
40 41
3 33
42 43
42 44
28 45
28 46
28 47
48 49
19 50
37 51
52 53
54 55
31 54
56 57
58 59
58 60
61 62
61 63
12 64
65 66
65 67
65 68
69 70
46 71
72 73
74 75
76 77
26 78
6 27
44 79
80 81
82 83
26 84
85 86
47 64
87 88
89 90
49 91
92 93
22 69
94 95
55 70
54 96
97 98
2 99
2 100
2 101
2 12
80 102
12 24
80 103
34 75
67 70
27 104
80 104
51 57
51 64
51 105
58 106
5 23
29 107
108 109
110 111
101 110
112 113
19 112
114 115
116 117
43 104
112 118
106 119
58 102
57 102
62 120
39 121
83 122
33 109
13 123
88 124
123 125
123 126
80 97
80 127
128 129
10 130
67 131
128 130
2 132
82 133
81 133
3 71
32 39
6 39
73 118
4 106
27 120
54 64
101 122
48 134
39 90
9 39
116 120
43 120
114 120
61 120
17 30
17 18
135 136
129 137
110 138
16 67
67 101
31 139
31 109
34 140
141 142
31 141
19 141
1 102
79 143
29 144
36 145
109 146
48 147
107 141
22 53
7 111
35 134
53 137
56 137
52 88
116 148
78 115
136 149
138 150
95 149
30 56
33 133
86 94
86 98
44 151
109 152
153 154
6 30
48 68
89 149
155 156
156 157
22 128
158 159
70 105
10 13
10 59
137 160
87 161
16 161
88 141
109 162
151 163
85 91
137 164
46 67
27 112
81 165
79 148
79 166
79 81
57 133
22 139
90 139
145 167
93 168
95 147
10 20
65 78
106 138
10 138
31 148
31 41
37 136
62 103
81 151
103 106
169 170
153 169
25 171
131 162
36 162
33 111
44 109
153 172
83 172
60 168
159 164
120 153
83 106
34 43
34 173
26 174
149 174
5 99
5 153
75 98
144 171
111 112
7 156
111 156
33 171
113 122
8 147
96 147
122 175
46 146
26 176
36 136
23 96
80 89
139 142
66 128
38 173
88 177
10 80
22 178
115 179
87 115
5 180
6 161
94 161
145 178
1 162
2 22
116 143
31 72
44 125
44 147
8 32
32 49
32 96
85 173
31 181
108 170
12 182
133 183
18 133
33 151
151 184
26 185
71 162
123 162
70 98
26 87
19 75
75 180
50 56
50 77
50 93
44 55
66 182
55 153
122 156
44 176
26 186
80 122
16 50
16 47
13 73
13 137
41 46
6 124
114 124
72 139
72 81
103 187
19 113
86 132
51 153
2 85
70 144
10 157
101 157
101 184
24 148
90 101
51 61
7 181
143 181
32 62
121 160
147 188
168 189
113 189
143 189
15 90
6 88
15 35
109 120
16 23
41 87
60 190
40 53
39 180
125 137
48 125
83 148
145 148
31 191
12 192
45 64
5 64
15 64
40 141
149 150
34 46
53 191
4 62
69 73
68 191
23 107
45 123
53 111
99 111
66 92
43 63
58 71
15 99
31 99
22 84
84 193
99 130
32 192
41 101
41 77
41 192
135 149
6 114
80 153
31 58
63 174
104 155
56 76
76 111
1 47
99 107
43 88
90 96
46 90
62 90
78 165
3 78
50 139
39 78
78 107
49 173
22 125
15 126
6 126
82 105
75 82
22 114
122 182
45 66
66 153
42 123
42 148
142 170
30 96
96 192
91 194
77 195
111 195
176 195
194 196
61 194
128 194
113 194
68 194
82 96
96 159
96 176
96 142
88 96
96 130
29 183
11 142
73 142
66 82
66 125
142 176
44 89
75 182
44 181
44 60
44 164
82 130
37 82
82 197
19 126
3 22
22 103
22 161
44 183
172 173
143 173
35 173
192 198
163 174
69 174
116 198
15 141
15 104
15 147
15 65
70 156
106 156
156 199
78 126
48 78
113 139
139 153
114 184
13 139
76 78
9 78
90 134
90 168
88 193
107 160
13 154
13 51
13 165
107 151
111 163
92 164
92 180
2 92
92 187
111 200
76 198
67 132
76 158
56 92
29 154
171 192
41 200
135 184
99 135
6 103
86 135
41 163
154 178
59 122
59 60
81 147
58 147
69 147
45 147
140 147
59 116
99 165
100 128
90 99
4 57
57 130
10 48
140 182
108 140
48 97
48 61
20 48
57 84
29 92
33 154
111 124
45 137
45 144
43 116
45 170
45 134
137 154
59 147
56 59
59 74
107 187
120 191
60 191
42 191
4 12
4 96
4 31
36 48
77 108
34 181
16 34
64 151
97 118
40 92
12 142
36 40
173 191
77 190
61 148
117 148
31 125
18 125
125 183
129 180
53 153
53 192
28 53
176 180
68 190
41 89
112 163
52 163
20 149
35 74
35 151
35 123
12 145
7 35
36 84
71 199
128 199
8 150
57 183
57 195
77 90
87 189
15 73
48 188
20 160
17 61
101 166
101 168
75 101
21 137
6 35
81 157
6 67
6 188
2 140
6 198
86 173
18 173
148 173
59 153
154 193
113 154
132 200
132 145
95 158
113 180
3 187
187 195
72 111
85 87
72 122
48 187
41 150
20 47
65 145
6 177
6 87
6 153
64 159
16 72
16 49
22 144
57 144
12 101
35 176
169 172
154 176
69 170
127 175
49 127
3 12
197 199
164 199
58 122
57 163
21 85
25 57
118 153
66 81
13 100
32 84
50 181
50 76
50 99
50 188
50 81
18 50
73 91
37 107
15 72
148 162
27 91
50 176
26 70
12 126
135 151
20 151
89 186
49 89
138 182
9 56
12 56
35 42
152 181
85 109
66 148
44 100
44 132
94 185
61 72
2 34
2 42
141 143
129 143
56 116
75 77
77 144
43 142
5 183
5 178
158 178
75 115
178 186
10 86
37 177
13 38
91 177
130 148
93 128
118 160
84 149
124 170
79 191
54 139
139 197
35 63
80 129
134 148
23 187
134 170
12 134
109 176
6 66
136 177
89 189
47 69
22 27
93 152
10 15
10 25
110 115
115 134
70 102
154 156
156 192
62 112
31 112
35 171
98 105
5 98
4 5
50 187
69 102
69 104
174 187
62 177
21 42
55 171
36 55
55 96
14 117
168 190
26 100
61 130
6 172
44 187
38 111
19 187
103 115
136 169
169 198
53 103
37 78
65 189
62 156
95 171
100 148
54 93
167 198
106 168
146 167
53 140
7 48
7 89
77 159
49 77
34 152
61 146
12 18
81 122
66 112
9 112
69 167
167 180
55 148
115 164
67 146
164 179
140 163
31 135
22 160
20 22
101 109
8 109
127 135
198 200
57 147
57 199
8 88
148 159
70 161
45 106
9 51
32 118
21 99
108 129
64 169
64 114
124 158
65 199
37 160
4 6
10 193
104 105
68 175
105 124
9 146
83 109
104 154
69 165
107 158
154 157
23 155
89 167
30 107
146 151
60 156
18 145
29 64
97 151
67 149
14 76
147 170
61 68
86 192
185 193
16 133
52 179
56 146
3 122
1 103
1 30
14 170
10 149
11 150
112 136
62 106
78 119
78 114
78 110
96 144
137 189
24 137
169 199
37 113
39 113
104 111
67 119
31 48
39 98
53 68
146 197
91 146
20 144
69 98
85 200
30 146
51 188
49 66
35 79
119 122
112 125
6 36
23 102
97 141
140 170
99 188
26 31
6 119
35 56
103 128
152 172
13 119
38 58
13 76
67 142
10 110
109 167
55 187
1 129
7 140
4 140
138 178
135 174
3 17
47 143
29 73
29 119
14 39
5 134
54 128
120 132
91 142
22 106
12 41
160 177
74 160
36 119
118 128
89 97
145 160
113 147
1 147
9 75
4 143
59 133
9 196
88 165
8 131
60 128
69 131
88 128
73 143
85 139
57 120
59 123
155 190
8 110
84 197
7 92
69 71
74 114
94 179
31 153
76 124
125 158
143 194
8 97
62 148
162 189
18 162
181 192
33 93
90 112
132 188
22 133
8 111
8 108
126 133
5 74
72 107
107 129
9 105
54 121
73 178
131 197
49 194
102 136
55 119
1 104
152 192
45 136
97 198
119 183
97 145
1 188
143 157
36 184
103 116
123 171
31 193
37 176
61 182
109 110
77 185
29 57
7 23
58 64
21 77
17 179
71 174
38 87
68 152
156 159
82 149
63 70
35 146
65 75
68 130
79 132
80 188
71 140
12 153
14 66
1 31
102 132
68 111
7 158
1 175
63 83
31 36
111 150
97 100
100 142
29 110
85 195
69 89
25 160
18 155
92 160
74 91
46 187
87 177
42 72
3 39
151 183
58 101
63 64
85 149
107 165
53 84
57 190
82 129
134 191
96 104
42 99
114 123
77 192
10 83
132 134
34 80
113 175
4 196
38 43
119 123
26 111
76 123
56 74
17 131
98 180
60 164
108 186
73 198
43 69
168 192
65 184
51 197
12 65
44 58
61 79
21 131
54 111
158 192
50 153
38 157
38 47
28 109
61 86
1 5
25 144
42 51
108 114
99 128
132 196
40 131
31 39
14 108
27 148
37 90
11 151
152 155
35 197
46 51
17 178
85 95
87 180
102 188
19 90
22 56
31 73
106 199
1 16
40 111
24 114
25 45
37 183
34 60
18 25
24 72
117 194
21 108
68 127
153 177
19 91
29 167
118 197
69 136
45 70
25 115
4 150
5 16
5 22
3 103
20 178
70 190
71 166
26 160
166 183
37 135
126 131
14 30
56 165
102 156
91 99
79 185
111 155
27 128
113 128
36 59
61 116
132 191
110 195
39 200
27 99
70 107
87 184
126 191
72 145
64 71
90 141
2 145
49 52
116 142
7 26
5 149
1 74
85 122
5 41
149 151
24 160
35 52
122 151
22 55
14 94
18 23
44 178
40 190
50 80
103 177
134 183
19 89
128 153
19 26
170 176
63 178
2 50
37 193
43 109
112 187
15 110
52 132
138 139
79 170
29 157
11 103
184 194
78 175
30 116
23 182
34 96
12 13
50 84
98 199
127 198
86 176
45 109
27 137
6 29
105 178
71 153
125 174
113 137
49 186
45 152
17 163
48 55
16 113
130 186
122 155
21 76
75 79
108 115
102 120
84 198
29 164
183 198
124 183
52 186
55 147
19 135
56 69
46 76
145 161
21 120
55 162
130 155
54 125
120 172
78 138
67 108
152 180
3 100
73 177
