200 1011
1 2
3 4
5 6
5 7
5 8
8 9
10 11
10 12
13 14
15 16
6 17
18 19
18 20
21 22
23 24
25 26
27 28
27 29
30 31
32 33
32 34
35 36
37 38
37 39
40 41
42 43
40 44
2 36
45 46
30 40
26 47
48 49
48 50
16 51
51 52
53 54
55 56
6 57
56 58
59 60
59 61
53 62
26 53
31 63
15 64
65 66
67 68
42 69
42 70
26 71
24 72
41 73
55 74
15 63
43 75
61 76
77 78
79 80
24 81
2 82
48 83
48 58
19 84
44 85
9 86
87 88
89 90
89 91
89 92
78 93
13 94
13 95
19 96
96 97
50 98
14 16
10 70
10 75
99 100
99 101
102 103
35 102
14 104
74 76
70 74
39 78
105 106
50 107
68 75
31 66
108 109
78 110
111 112
19 95
56 94
16 44
66 103
113 114
92 113
115 116
4 115
115 117
47 114
38 47
118 119
8 120
113 118
6 121
24 63
63 122
46 123
95 116
8 48
80 124
2 18
125 126
12 127
128 129
112 130
93 130
2 40
78 131
132 133
26 132
3 134
121 135
121 136
42 122
19 81
7 137
7 100
85 107
13 138
139 140
36 102
36 49
141 142
141 143
7 43
7 144
53 90
10 145
22 50
27 146
19 147
71 85
130 148
38 149
112 133
150 151
97 150
23 150
36 43
22 43
33 115
1 111
77 107
74 142
75 91
49 75
8 71
54 69
70 92
36 41
41 114
6 39
39 152
92 153
127 154
24 155
72 118
76 122
14 155
70 155
4 155
44 156
108 157
150 157
76 157
106 128
94 128
128 150
79 158
126 158
99 159
160 161
62 162
11 39
163 164
17 163
7 103
142 156
62 165
162 165
6 166
6 16
6 94
34 62
64 140
90 150
128 167
21 104
45 69
34 70
156 168
159 169
170 171
117 170
36 137
36 140
14 137
127 137
43 97
92 172
74 173
36 70
152 174
109 152
85 133
82 156
4 109
1 114
175 176
116 177
29 99
51 176
143 171
102 178
34 101
56 101
101 108
4 76
4 23
15 101
101 131
101 106
14 32
17 34
69 157
63 69
8 179
18 136
144 180
20 77
26 111
2 108
112 143
154 181
91 126
15 126
135 181
108 112
6 182
111 134
54 175
81 183
135 183
71 183
143 184
66 184
30 185
75 185
31 186
35 44
3 24
52 182
58 187
52 65
43 52
1 52
13 24
142 181
17 60
142 146
146 177
146 162
70 133
97 133
95 133
133 146
170 186
49 86
86 118
86 183
4 81
81 143
110 172
110 114
34 44
8 44
50 72
72 188
18 109
18 50
11 31
83 106
63 93
61 93
74 93
93 123
44 122
5 64
64 138
28 64
7 91
102 149
31 151
66 151
54 114
65 140
140 154
127 179
109 189
50 136
18 166
123 140
72 79
79 88
79 162
12 123
129 172
101 190
148 191
16 154
42 154
84 131
9 84
16 84
84 152
40 129
127 129
79 190
21 79
79 100
28 79
25 123
44 123
1 192
29 147
29 68
109 166
13 50
50 182
54 70
131 189
152 180
127 169
80 127
47 127
127 134
140 167
114 133
76 114
20 151
7 151
16 102
91 161
82 91
91 167
23 91
17 91
91 157
3 116
93 94
9 117
10 83
83 160
31 193
31 81
21 31
18 146
18 47
72 146
72 75
3 72
72 137
72 106
24 136
44 50
44 154
110 177
110 125
60 93
81 182
81 116
21 49
11 149
149 162
86 103
122 174
1 139
139 160
61 139
42 139
18 174
46 188
179 188
139 178
140 179
162 179
46 102
120 133
17 51
46 179
68 146
45 144
160 194
182 195
20 182
53 182
55 146
2 142
26 146
49 72
60 163
27 147
35 147
130 147
60 118
49 146
142 196
124 197
15 87
6 124
128 170
128 197
70 124
52 151
52 160
95 124
44 74
17 44
186 198
93 184
41 171
131 171
26 78
1 125
47 78
4 183
8 88
38 175
111 166
16 181
2 181
98 111
86 112
27 161
6 168
26 163
75 108
108 135
8 23
98 118
20 100
98 169
94 144
128 144
52 144
18 37
15 17
147 174
69 190
141 178
24 83
96 149
30 43
93 142
17 59
15 197
26 112
74 112
32 178
32 171
32 189
101 169
4 165
4 7
32 147
32 41
32 121
87 178
104 178
51 107
32 99
159 187
145 176
30 175
102 167
151 168
1 58
1 82
1 91
130 184
187 198
4 168
4 87
110 145
145 151
34 85
22 152
151 152
18 159
168 189
100 146
36 183
35 56
138 197
119 143
39 92
116 197
97 163
76 97
74 96
24 36
185 186
8 86
34 90
119 123
23 174
109 153
74 106
104 160
97 132
132 151
92 132
37 106
97 167
25 167
36 167
71 176
78 143
6 122
165 167
26 103
6 165
60 165
165 197
82 103
71 103
85 121
72 133
70 197
157 197
5 174
44 103
67 198
118 163
30 163
40 187
39 136
41 187
69 163
114 158
164 194
123 166
29 67
158 198
92 180
71 192
102 192
83 157
114 193
83 126
112 185
155 194
162 171
106 134
49 103
71 155
82 145
46 69
127 145
83 153
99 153
108 153
9 123
160 183
104 193
27 86
63 162
39 137
80 83
83 98
34 199
41 67
16 65
48 94
172 192
184 185
110 129
118 129
63 152
51 169
35 169
147 158
88 195
31 153
51 64
13 141
34 198
78 82
75 111
107 183
43 194
92 107
56 76
28 150
112 184
88 116
40 94
38 58
37 149
50 130
111 130
71 191
80 116
107 149
54 64
7 19
73 109
62 73
74 183
3 27
22 109
22 124
42 90
22 90
36 161
171 181
44 84
123 195
7 62
2 162
170 187
51 141
96 131
111 140
15 135
61 168
100 199
31 49
127 138
9 12
16 35
67 164
88 139
167 200
37 174
30 174
150 172
91 170
7 113
12 194
34 67
72 117
69 72
114 173
42 157
29 54
29 108
132 139
143 200
28 149
144 173
18 113
24 80
15 143
4 121
40 151
130 196
30 34
12 163
111 113
124 176
112 194
58 148
192 194
95 129
95 151
44 46
25 62
31 135
108 154
104 142
126 182
14 116
8 25
69 193
63 108
33 160
99 173
45 56
23 67
121 184
27 154
71 113
117 193
9 39
138 159
79 135
131 134
177 200
5 89
8 56
7 118
140 180
80 171
124 171
115 183
22 121
116 182
17 88
86 144
152 165
32 113
83 195
53 103
27 139
136 191
132 136
37 132
158 196
111 171
19 177
53 73
101 142
75 145
42 75
39 41
66 107
39 53
39 142
87 107
109 132
21 158
12 104
89 102
110 120
1 99
10 56
21 179
23 56
92 141
3 73
13 173
13 119
107 157
13 19
107 150
39 195
106 195
13 64
16 92
82 196
58 70
28 84
176 196
50 154
12 33
74 105
34 97
106 173
25 51
53 186
46 48
117 168
8 105
88 115
81 133
85 142
57 171
4 148
96 136
115 168
158 182
61 85
88 109
88 149
62 90
62 89
72 111
149 184
55 189
95 123
133 179
18 128
65 161
64 77
28 126
146 153
65 119
15 94
5 31
23 126
42 62
86 107
86 193
115 125
77 105
2 138
37 195
134 166
22 108
190 199
68 189
11 186
137 151
22 37
95 191
5 58
132 193
55 161
3 38
7 104
90 163
87 131
134 187
68 74
5 41
4 135
172 181
151 159
71 90
33 139
12 155
19 104
14 109
58 125
57 152
40 78
28 55
138 184
2 39
5 126
44 115
75 118
111 167
182 189
188 197
40 136
72 130
157 165
67 134
20 109
21 87
35 87
32 70
80 152
51 199
15 68
100 104
39 90
137 179
29 186
59 111
15 139
60 191
33 152
147 173
10 131
25 89
155 198
24 152
16 190
13 56
2 144
82 146
136 142
66 95
16 98
35 158
26 149
45 146
42 79
126 192
34 113
27 107
48 193
165 195
68 176
6 107
83 85
17 171
21 154
81 172
118 127
49 138
22 83
98 195
76 159
21 40
124 146
10 23
29 32
143 144
86 146
105 156
11 142
112 134
49 111
85 104
34 102
14 133
54 189
40 163
148 195
56 119
38 107
112 187
19 83
155 183
106 124
45 178
68 95
61 143
60 82
78 88
25 137
147 197
56 91
87 197
46 149
104 188
63 92
167 193
49 177
99 142
13 187
69 200
49 85
31 156
139 188
5 145
127 195
56 107
122 145
97 130
80 140
131 156
60 151
63 189
137 163
159 168
120 130
11 143
159 198
158 170
83 116
40 51
141 168
76 136
65 85
59 198
93 99
71 72
27 186
75 168
25 108
79 126
120 142
4 71
1 148
90 156
7 129
57 70
91 172
69 165
82 94
71 147
3 48
122 164
140 200
130 134
102 142
13 193
6 98
132 185
36 128
49 179
178 189
123 144
40 162
65 76
75 83
70 190
183 187
30 79
32 174
144 148
84 196
70 83
110 165
36 166
27 115
46 125
61 183
19 92
94 169
100 130
130 193
33 84
16 194
6 13
132 198
23 83
70 156
14 18
61 131
103 194
110 180
