200 938
1 2
3 4
3 5
3 6
7 8
7 9
10 11
10 12
13 14
13 15
13 16
16 17
15 18
19 20
21 22
23 24
25 26
25 27
28 29
30 31
30 32
33 34
35 36
37 38
37 39
40 41
4 42
43 44
45 46
45 47
48 49
48 50
51 52
53 54
55 56
57 58
11 59
2 60
61 62
9 63
63 64
31 37
16 65
66 67
67 68
30 55
55 69
70 71
69 72
67 73
36 74
31 75
31 76
42 77
2 78
24 79
80 81
52 82
36 46
22 83
25 83
84 85
27 86
56 87
12 56
59 67
88 89
79 90
22 91
92 93
94 95
84 94
94 96
94 97
98 99
87 100
27 101
101 102
81 103
97 104
40 69
105 106
67 107
67 92
41 72
5 59
44 99
108 109
12 96
51 67
64 110
111 112
4 113
1 114
115 116
105 114
117 118
85 119
114 120
110 115
84 121
1 122
123 124
59 125
27 67
18 126
116 127
27 97
32 78
128 129
8 127
130 131
130 132
53 87
80 87
46 133
99 134
95 135
64 136
67 137
94 138
96 139
11 101
11 84
11 70
11 140
42 119
141 142
35 58
58 83
20 123
7 109
106 143
56 84
56 144
145 146
46 147
44 141
44 148
40 50
50 101
50 68
28 121
97 149
95 131
150 151
8 131
32 96
72 126
76 100
45 132
145 152
12 103
5 153
5 85
5 94
5 109
10 30
75 81
21 154
66 76
10 66
66 81
124 142
43 155
115 121
43 80
62 65
58 66
66 140
66 111
66 107
37 156
29 78
73 157
55 136
54 136
24 136
102 158
78 157
39 63
159 160
36 153
49 54
135 161
55 130
78 147
13 78
38 107
6 142
6 116
6 144
16 144
9 22
58 85
92 141
162 163
164 165
26 164
37 166
22 159
102 143
38 58
71 149
39 167
160 168
17 119
17 156
38 169
54 170
8 54
22 154
91 171
60 119
44 131
65 131
79 170
26 100
48 65
153 159
18 85
79 127
3 35
22 98
14 22
22 24
8 132
4 11
21 172
17 172
157 172
32 158
18 20
118 132
123 173
26 174
38 119
65 105
101 105
89 175
4 176
112 176
59 77
27 176
37 168
102 170
16 64
16 120
138 149
22 129
94 177
15 41
32 54
155 178
120 178
39 138
162 178
127 177
47 160
1 160
77 179
125 149
45 125
105 180
12 34
24 52
32 34
34 119
34 54
4 86
34 89
70 148
70 99
81 116
79 181
31 36
36 134
36 71
91 123
28 123
96 182
117 144
161 183
67 118
4 183
12 48
60 64
26 184
108 184
30 185
25 185
25 114
146 166
157 185
18 58
18 111
117 149
37 76
124 177
27 186
41 187
183 186
93 110
175 188
37 155
30 47
104 159
93 125
93 107
93 189
93 115
46 107
36 101
65 77
65 154
8 65
65 97
65 75
61 65
52 107
107 127
107 190
107 143
15 107
13 88
93 105
104 126
110 191
75 99
120 158
21 47
108 169
108 164
133 155
15 29
29 31
43 49
49 132
5 49
49 189
95 188
122 188
168 188
118 188
43 165
11 165
9 11
78 186
15 37
173 187
19 187
134 187
46 186
110 175
9 102
76 129
24 143
13 24
18 137
117 192
11 185
66 166
45 185
24 130
81 184
151 184
59 64
64 162
64 84
64 169
64 120
64 103
48 90
14 183
159 183
67 96
101 144
53 182
161 182
20 182
135 182
15 182
26 182
39 89
103 125
139 189
97 123
5 132
105 189
88 189
30 36
26 188
116 130
101 116
26 116
113 116
52 54
34 122
86 144
23 34
26 120
96 181
135 181
132 157
108 181
87 169
15 179
56 179
33 125
53 72
160 175
40 160
70 160
10 53
76 178
145 178
44 53
106 157
157 177
129 154
10 177
48 177
6 41
33 129
100 129
31 129
129 133
45 179
138 175
171 189
85 171
38 138
121 138
53 168
71 143
65 143
77 94
138 176
61 176
63 143
12 143
32 143
153 175
82 157
143 148
48 148
29 148
174 187
100 174
38 123
173 184
91 148
121 148
95 138
9 138
88 106
106 192
47 158
65 172
11 193
11 19
8 146
8 22
26 42
16 187
16 194
100 159
159 185
3 108
63 85
79 116
40 159
62 180
160 180
2 180
48 195
109 134
43 184
34 50
60 95
112 155
20 112
121 170
108 170
164 170
131 181
148 170
40 170
60 72
60 196
60 76
10 187
24 59
24 97
54 74
9 169
118 156
76 111
27 39
6 17
17 37
30 106
72 171
79 86
79 169
167 179
19 154
63 71
71 79
13 140
9 120
4 151
41 169
133 159
15 80
4 118
113 166
111 166
72 151
75 141
151 191
150 158
41 75
19 172
62 139
62 68
71 86
86 98
144 193
49 78
42 78
37 187
143 161
106 195
144 161
102 174
48 72
49 161
65 175
77 175
17 153
52 190
134 139
69 133
133 197
86 165
43 198
66 153
8 162
93 159
12 195
103 122
122 139
59 157
89 152
20 164
102 139
34 55
157 196
118 169
29 192
112 198
43 156
58 160
34 198
97 164
155 188
142 185
60 108
5 108
74 199
38 66
49 114
63 66
30 177
20 144
14 42
14 146
102 161
174 186
22 186
64 102
135 167
16 102
55 154
74 154
21 134
10 114
10 149
7 162
5 53
5 14
23 178
32 145
81 135
121 160
29 30
5 126
90 116
71 90
131 180
131 154
18 178
69 167
191 197
85 97
97 179
28 67
57 84
28 52
3 155
44 143
147 182
145 154
52 145
84 144
17 56
5 190
143 169
7 143
73 85
6 20
30 98
45 107
11 112
139 198
124 139
50 137
137 153
72 159
134 166
27 124
71 118
25 67
22 136
25 181
75 115
56 135
30 70
49 148
87 175
144 172
130 177
29 127
27 109
24 127
100 176
26 126
27 94
27 66
146 164
143 166
125 129
123 157
143 160
109 196
109 160
94 157
15 139
68 121
55 160
72 122
65 179
50 98
44 193
82 104
99 125
158 189
55 151
116 119
56 182
30 166
30 78
138 156
89 115
71 100
73 120
27 81
73 77
77 136
68 85
55 85
87 193
128 135
32 84
59 95
139 169
31 34
46 169
16 115
5 174
1 54
1 98
16 121
57 113
44 81
88 157
160 174
111 143
24 186
5 161
97 110
6 71
89 183
95 144
63 172
136 141
62 63
175 192
3 97
44 50
59 191
27 180
41 121
19 169
116 197
114 146
80 123
62 168
47 62
62 135
21 197
81 117
55 101
45 130
50 139
39 87
46 62
75 194
87 198
133 157
19 133
92 146
97 116
116 186
86 87
89 90
4 200
110 118
88 107
59 184
59 153
56 150
18 87
41 86
21 84
155 181
70 101
80 112
88 166
6 48
48 158
125 170
94 193
102 175
114 195
79 128
115 133
7 72
31 38
46 144
17 70
79 133
51 68
9 65
1 96
22 192
68 153
8 37
14 179
42 66
16 192
130 191
152 174
63 176
119 160
97 157
89 191
59 85
57 156
72 182
38 174
53 181
51 125
1 134
48 175
51 146
31 188
69 176
66 86
29 176
140 153
4 87
36 40
154 196
92 138
164 197
37 67
38 130
69 95
17 95
75 117
28 153
57 108
25 138
6 175
33 46
19 64
47 91
62 161
15 129
42 59
55 165
12 74
86 200
111 197
43 137
105 173
10 150
18 129
59 93
145 198
13 187
120 138
49 66
12 61
74 126
120 152
62 64
78 190
97 168
73 175
127 195
30 40
55 124
189 198
34 110
14 17
110 127
39 109
53 180
71 80
46 195
49 62
81 157
127 132
65 157
185 189
143 192
97 161
9 143
58 152
25 61
47 116
95 191
11 61
149 161
110 167
118 191
26 55
122 195
60 159
16 103
98 142
93 191
130 176
97 180
49 133
144 146
139 178
157 173
161 184
32 86
49 60
102 150
9 24
163 186
116 136
153 188
41 189
13 18
79 134
118 143
39 112
11 82
43 161
40 65
66 129
22 169
161 168
90 112
85 117
132 160
80 170
91 122
27 127
77 123
1 76
92 108
31 110
24 38
58 91
104 196
104 128
80 135
69 138
23 98
40 174
169 190
81 100
157 161
37 132
72 85
87 139
120 169
20 33
67 126
151 172
76 147
15 55
32 186
117 194
62 172
10 70
148 195
154 170
7 170
98 157
72 173
3 197
163 167
35 126
74 159
24 162
33 200
72 114
78 164
46 157
