200 1172
1 2
1 3
4 5
6 7
8 9
7 10
11 12
11 13
11 14
5 7
15 16
17 18
19 20
19 21
22 23
22 24
25 26
27 28
27 29
30 31
32 33
9 34
10 35
36 37
12 38
39 40
33 41
18 42
7 24
7 43
7 21
7 44
45 46
47 48
47 49
50 51
2 52
52 53
54 55
9 56
9 31
57 58
59 60
61 62
61 63
64 65
49 66
35 67
8 42
18 68
69 70
69 71
56 72
48 73
74 75
48 74
46 74
76 77
78 79
78 80
81 82
79 83
82 84
17 60
21 85
86 87
68 86
51 86
88 89
25 77
4 25
78 90
31 78
81 91
92 93
8 94
27 80
14 95
80 96
97 98
97 99
20 97
55 100
100 101
20 33
69 102
103 104
3 105
62 86
15 106
107 108
3 109
3 49
3 5
7 8
40 60
54 110
84 111
62 87
108 112
91 113
84 114
28 37
115 116
99 117
90 117
5 34
5 118
28 71
8 28
41 75
41 119
14 83
62 85
12 77
12 120
76 121
35 76
76 122
24 123
1 24
24 124
38 125
79 105
69 126
40 126
51 106
8 75
62 117
28 127
93 128
14 93
25 126
53 129
44 130
66 71
46 92
58 115
131 132
132 133
33 132
105 121
108 134
28 97
97 122
1 20
38 69
38 130
47 135
83 136
81 83
44 137
138 139
108 138
35 137
137 140
86 137
34 137
69 83
61 86
51 117
25 32
141 142
2 141
46 143
120 143
104 131
58 120
144 145
5 49
6 146
80 146
108 147
147 148
32 134
73 149
128 150
151 152
130 151
87 151
124 153
124 149
153 154
59 152
17 155
16 112
16 140
92 132
132 156
14 132
48 157
70 96
45 135
45 98
18 112
14 18
7 108
35 47
35 52
50 119
38 119
86 154
81 154
76 158
56 158
49 133
3 118
117 134
15 33
73 150
131 150
99 111
48 79
49 159
7 25
60 160
28 161
7 52
25 90
63 162
162 163
153 164
99 164
108 166
63 130
71 167
35 128
86 116
116 168
76 116
38 116
58 116
19 37
119 169
85 169
40 169
14 88
55 123
38 56
38 103
140 170
91 106
79 106
106 163
70 171
15 121
31 71
88 156
11 39
50 75
2 74
2 172
2 132
59 113
59 122
162 173
25 118
9 157
155 159
21 171
6 113
152 162
6 59
56 68
5 132
97 161
66 161
161 166
47 166
36 174
79 98
47 175
37 176
97 175
37 175
121 175
177 178
52 55
55 103
71 85
14 179
40 180
40 137
158 176
83 131
85 95
7 181
122 170
139 170
182 183
37 54
64 165
78 123
30 78
28 113
113 133
88 95
57 165
165 184
166 185
89 182
26 112
46 139
31 133
113 186
186 187
8 127
16 65
82 113
82 112
10 82
38 65
21 186
28 33
28 65
88 186
173 188
11 174
174 180
79 184
79 187
153 183
135 183
97 183
8 183
31 184
53 181
177 181
104 182
104 178
90 139
1 52
128 152
112 189
14 190
34 119
31 50
46 82
37 46
63 87
97 148
90 128
28 72
34 72
21 86
21 115
63 153
63 191
5 63
152 184
152 155
118 152
14 178
33 111
133 155
155 178
56 111
2 177
63 178
31 192
46 192
57 64
13 81
95 102
80 84
80 101
142 153
97 193
155 193
35 159
84 194
35 43
75 78
43 75
137 191
42 191
99 191
25 191
91 173
87 146
164 171
56 195
34 196
86 94
27 180
78 101
145 180
153 180
94 140
94 155
39 94
94 126
94 129
54 196
71 196
124 195
8 197
158 173
141 189
12 191
142 156
3 33
75 198
75 85
75 197
3 177
3 97
35 46
35 112
35 99
59 193
26 193
137 193
70 153
69 153
61 179
80 179
95 120
95 112
133 146
13 123
76 192
57 192
161 192
9 53
48 168
29 178
130 178
27 178
160 177
20 56
56 182
56 168
23 177
35 155
129 177
74 177
53 54
99 178
95 178
98 152
30 63
50 63
63 172
2 124
73 189
73 158
22 72
18 199
21 146
15 21
69 148
46 75
9 46
63 86
141 167
29 119
41 63
71 190
40 190
50 181
4 190
34 105
34 166
34 45
190 196
163 189
2 192
68 139
38 136
53 136
153 192
55 185
40 179
90 104
104 163
48 104
96 181
172 183
116 183
15 77
77 92
142 172
72 172
57 172
64 172
79 86
90 135
77 186
77 124
93 174
152 188
94 127
37 186
5 169
28 162
95 186
50 186
11 186
26 127
82 164
65 84
100 166
65 191
32 65
1 65
65 77
166 180
127 187
127 141
148 186
31 75
73 77
77 167
124 181
1 192
109 184
109 113
142 167
169 188
95 139
148 149
13 39
11 89
48 89
13 152
13 156
171 185
82 158
17 91
15 91
95 192
46 113
27 95
78 198
39 95
64 131
54 179
69 170
18 43
60 108
61 192
16 61
108 174
84 174
25 174
86 193
80 81
80 128
74 181
78 147
158 166
2 158
84 85
158 165
87 114
72 122
51 179
83 182
83 199
103 142
58 85
52 152
55 191
52 180
52 161
51 141
114 151
36 176
40 51
116 189
15 56
15 100
15 59
25 153
15 130
106 175
103 189
140 144
119 139
36 112
115 148
83 166
21 99
38 190
109 193
126 158
38 179
37 62
62 168
150 159
48 68
121 189
104 155
142 147
165 191
6 84
77 108
6 126
165 183
114 165
99 159
109 125
27 109
109 186
72 147
17 153
56 153
25 51
68 196
17 19
68 145
102 116
19 111
19 89
46 162
19 145
95 151
31 128
2 55
46 98
50 86
21 61
88 177
34 186
75 186
62 70
70 164
121 181
12 106
106 120
33 71
33 36
21 33
30 46
6 181
148 184
18 193
168 200
17 105
17 200
68 200
64 194
6 154
38 127
2 188
33 154
88 182
88 181
170 182
146 183
158 169
148 169
40 154
103 145
90 155
40 90
162 179
80 172
35 171
87 168
6 148
179 190
77 128
19 65
19 68
34 170
10 99
99 158
99 182
75 99
99 171
129 198
79 128
169 183
43 197
98 103
1 130
177 198
93 198
130 164
5 29
29 40
48 67
38 67
50 53
77 170
31 41
71 90
130 191
125 180
40 75
40 61
50 195
121 170
108 170
114 188
95 196
80 160
15 18
7 114
49 193
49 156
7 53
12 54
160 193
60 193
96 191
158 187
77 106
15 60
15 53
52 127
100 164
109 163
17 69
70 95
63 71
117 118
100 110
64 142
125 133
66 146
53 65
53 93
43 154
20 112
64 76
45 151
37 119
10 119
61 103
126 163
64 106
4 141
28 140
79 138
16 147
25 141
48 114
67 190
29 183
160 189
44 160
45 193
95 98
45 177
45 188
16 198
16 191
87 150
147 197
132 174
48 103
75 199
66 70
76 117
79 129
89 129
71 124
4 75
56 197
56 104
61 186
98 182
77 152
151 192
16 141
103 177
43 79
139 166
19 120
66 120
130 147
78 120
80 131
120 127
144 177
20 123
93 110
141 152
17 39
85 185
86 135
46 141
157 190
15 37
117 135
10 59
56 178
61 111
35 44
88 167
139 182
45 94
69 94
118 150
19 106
13 163
114 137
91 137
24 61
69 108
63 127
49 145
127 199
172 200
108 200
55 162
99 184
184 192
114 175
121 136
10 136
60 115
83 134
113 170
81 135
38 184
82 187
162 192
124 134
134 200
73 132
12 23
58 155
56 131
6 198
27 92
58 92
118 187
81 129
155 197
52 93
72 199
169 175
78 146
129 146
57 166
48 130
129 188
127 154
78 127
62 184
25 194
184 189
35 39
74 106
13 116
124 187
141 147
1 145
63 120
167 170
49 197
21 179
106 125
18 24
24 147
125 171
54 89
32 38
193 199
41 165
41 100
41 54
39 63
172 176
191 200
111 120
66 108
72 183
131 137
110 132
5 106
110 182
17 170
59 133
73 154
117 172
75 120
62 115
42 118
84 163
37 108
37 40
15 198
94 97
121 138
112 165
62 183
2 4
135 171
10 130
135 138
84 108
33 52
146 168
114 184
84 125
143 172
7 30
23 155
4 133
103 178
41 109
26 148
3 156
91 107
15 189
110 127
6 115
62 141
26 135
65 103
69 183
61 71
60 112
40 188
73 93
19 40
29 96
14 144
26 80
70 198
73 94
92 200
129 192
86 138
31 103
6 100
29 81
145 170
77 130
31 180
2 174
109 126
132 152
96 149
103 158
98 137
117 193
25 127
67 126
82 196
2 86
5 125
34 85
134 188
105 173
83 150
23 81
78 117
43 62
42 68
22 30
73 138
4 145
95 191
104 143
92 182
2 46
92 114
13 48
72 110
76 176
26 171
69 131
69 162
65 95
104 168
148 182
42 57
29 67
66 116
59 64
134 146
14 61
44 53
59 100
54 152
10 22
171 176
6 57
26 41
97 118
19 97
10 25
78 132
52 136
115 122
100 144
8 73
20 164
50 141
4 41
105 128
122 172
53 182
87 104
102 200
81 155
45 62
165 177
55 178
19 116
41 58
74 195
124 141
21 46
39 96
146 163
34 145
47 50
68 168
36 130
24 50
12 59
83 183
82 181
37 146
20 32
37 181
6 30
27 160
9 190
2 191
3 85
25 107
96 137
3 17
20 195
136 186
14 60
57 196
11 133
22 120
41 168
79 111
5 92
28 155
88 143
92 123
126 149
96 147
138 167
149 170
30 188
67 196
67 117
63 176
53 143
8 173
114 176
10 63
6 12
109 188
35 106
59 154
67 120
94 102
5 93
17 131
87 141
107 136
97 107
131 198
1 93
147 180
76 114
109 135
64 137
72 98
4 198
81 169
105 192
6 182
4 72
98 200
164 175
70 193
150 162
126 164
101 156
101 195
188 199
52 154
10 89
56 91
91 170
127 183
99 131
15 137
75 195
75 118
56 115
51 122
44 79
61 117
66 79
150 200
3 145
17 33
42 73
161 179
51 156
121 122
90 112
2 139
112 182
71 140
36 80
19 191
46 100
35 36
22 28
9 189
18 72
82 173
30 145
146 192
26 116
122 165
144 153
9 181
99 119
151 188
129 167
74 175
159 166
46 136
185 199
23 68
87 189
88 141
118 128
57 175
181 193
3 78
19 183
30 184
12 176
129 174
113 131
48 160
75 185
24 156
137 142
94 114
36 101
33 195
83 113
65 105
102 109
126 171
67 123
8 23
145 199
15 80
45 131
89 184
35 101
44 140
101 113
16 68
22 193
32 58
38 135
7 112
42 90
32 162
129 168
