198 808
1 2
3 4
5 6
5 7
2 8
8 9
10 11
10 12
8 13
14 15
14 16
17 18
19 20
19 21
22 23
22 24
25 26
27 28
29 30
31 32
31 33
31 34
35 36
37 38
6 39
40 41
42 43
44 45
44 46
5 44
47 48
49 50
51 52
53 54
18 55
18 56
11 32
57 58
59 60
59 61
20 62
27 63
64 65
47 64
66 67
68 69
70 71
51 68
8 72
73 74
36 75
15 76
77 78
15 79
15 80
81 82
38 83
55 84
85 86
87 88
35 89
24 90
21 67
67 91
2 30
30 51
92 93
92 94
36 92
92 95
96 97
64 96
43 47
69 90
98 99
78 100
51 91
39 54
54 101
21 54
36 56
56 102
103 104
87 103
7 105
82 105
30 41
59 106
107 108
109 110
97 111
90 112
62 113
35 114
46 115
28 116
5 28
9 28
117 118
117 119
62 120
13 103
62 68
112 121
14 122
100 123
124 125
14 126
83 127
109 128
62 128
98 128
27 62
129 130
89 91
129 131
23 98
121 132
29 126
63 107
21 63
133 134
135 136
135 137
138 139
67 138
140 141
113 126
85 142
123 142
20 83
143 144
9 56
9 111
145 146
66 109
32 33
33 139
4 23
9 101
97 132
97 102
97 147
124 135
117 148
85 117
48 107
13 20
91 98
82 108
36 83
116 146
92 116
61 109
48 149
100 108
103 111
53 150
106 151
60 130
60 142
58 108
58 117
50 70
130 152
9 153
57 149
37 149
42 154
154 155
2 99
53 61
61 94
71 156
45 75
4 157
4 31
48 154
158 159
65 140
20 28
20 73
20 82
80 160
19 161
16 162
118 162
53 83
111 163
23 84
131 164
115 165
141 166
14 98
69 167
157 167
81 157
8 168
2 141
141 152
7 169
79 130
36 79
61 170
39 170
12 170
93 170
93 125
43 155
20 33
73 108
82 151
12 151
118 148
45 159
45 171
172 173
31 85
27 162
65 174
51 175
43 51
140 165
4 176
60 176
27 119
16 112
21 163
32 159
62 171
141 169
61 169
7 100
50 177
155 157
94 119
94 140
72 94
136 160
176 178
95 116
83 136
136 140
14 136
130 136
36 157
20 149
158 179
84 180
65 180
41 149
104 149
98 149
50 120
60 61
60 101
38 79
12 83
12 37
146 176
38 146
50 181
38 157
25 38
103 125
144 146
111 144
81 182
75 147
14 26
51 182
127 141
127 151
41 52
35 123
35 60
35 55
35 183
35 143
88 104
6 173
36 41
114 153
69 114
114 135
7 86
33 86
20 86
86 149
26 149
1 147
141 147
22 147
74 147
31 182
97 112
97 156
97 184
110 115
115 157
36 87
111 156
120 181
12 140
12 74
144 181
11 60
60 65
50 164
22 50
119 154
64 123
51 64
34 180
142 158
20 132
185 186
129 157
134 157
2 184
26 136
23 178
13 187
130 170
94 182
18 94
42 130
157 177
187 188
101 188
110 164
110 180
171 180
23 169
116 169
63 171
159 189
159 161
163 190
65 144
45 131
123 131
25 131
131 132
131 178
133 179
77 179
16 191
114 119
62 87
120 159
170 176
18 176
51 83
173 179
97 176
16 104
120 177
8 155
42 162
161 192
4 193
27 193
177 193
23 118
118 137
45 114
8 45
28 148
34 45
35 151
41 151
73 186
2 155
85 130
130 144
2 187
93 140
71 79
79 194
77 79
129 177
87 108
36 108
7 107
12 108
60 93
165 194
156 160
76 125
57 141
31 141
14 27
166 195
136 165
9 117
92 163
135 163
81 163
66 184
162 192
151 162
26 99
77 161
161 196
86 161
20 157
42 178
170 187
51 191
20 168
21 53
64 185
82 156
41 48
4 33
4 160
49 117
74 122
5 166
71 89
61 66
61 171
99 180
154 161
56 107
25 63
168 170
87 96
113 191
117 153
94 197
55 85
118 124
1 42
63 150
138 152
34 58
58 106
60 196
7 197
11 85
113 151
125 150
107 150
100 173
64 147
48 113
48 145
28 185
14 116
2 186
82 131
82 167
12 36
36 191
37 178
18 25
57 168
39 146
39 83
16 106
12 117
188 192
13 115
65 95
95 164
175 198
148 170
38 145
52 84
36 140
74 180
99 192
36 40
67 197
75 189
84 193
104 193
112 166
33 52
53 128
33 123
84 145
4 53
9 145
9 180
37 192
42 83
189 196
143 193
7 192
160 192
34 52
27 138
138 171
42 106
17 57
133 140
133 195
33 129
112 154
110 132
63 116
132 136
26 196
35 161
1 74
62 106
16 79
126 127
89 187
74 120
126 160
99 198
42 168
35 49
34 124
96 122
93 122
124 141
41 166
110 169
50 151
128 167
67 167
27 64
105 135
103 198
16 91
34 177
28 77
46 122
5 115
134 184
4 198
81 97
3 109
78 128
29 107
3 82
134 155
157 187
105 138
108 157
111 153
1 162
77 145
103 115
52 74
102 128
29 91
16 52
122 188
95 104
80 118
13 96
81 152
67 188
117 139
59 65
25 80
123 161
120 123
148 184
146 173
37 46
46 193
150 187
159 198
63 164
52 67
102 134
50 143
84 196
166 183
11 119
101 107
89 156
89 113
34 158
34 107
72 158
141 191
122 151
176 195
47 83
58 116
78 122
113 190
68 88
2 46
15 37
4 47
49 138
37 49
48 197
61 197
102 174
95 183
69 152
25 33
48 196
159 173
66 168
85 104
85 152
73 114
69 143
57 189
39 66
24 66
26 38
124 143
41 127
14 188
7 187
62 112
35 113
144 179
79 136
62 98
59 193
57 82
23 145
11 53
79 155
32 154
51 97
62 132
126 145
123 126
26 69
121 164
47 106
119 124
119 121
44 160
73 146
22 166
124 132
150 196
75 121
161 184
50 67
30 176
112 147
19 37
37 117
90 140
7 28
83 158
35 147
7 35
31 71
105 181
6 186
38 63
120 138
17 46
6 80
96 101
144 180
32 45
58 175
8 140
27 54
83 130
35 119
25 84
22 126
73 77
73 180
8 60
93 193
7 129
58 101
5 113
1 17
72 120
121 182
56 156
46 141
142 183
100 127
18 75
129 137
7 39
144 156
11 75
65 87
147 185
43 198
25 113
97 125
12 146
27 128
42 122
134 165
75 160
155 187
70 153
154 182
12 20
117 168
132 166
5 177
92 101
114 167
84 144
84 197
21 172
32 179
43 178
87 120
11 96
2 161
88 135
95 165
43 94
52 176
9 14
138 151
126 131
129 150
27 144
10 168
43 56
118 193
5 160
80 114
146 185
138 160
58 111
157 190
87 176
4 74
36 135
81 165
14 94
175 178
118 127
69 183
9 191
56 183
73 196
73 160
24 172
30 111
144 163
15 82
191 198
16 39
36 154
78 91
17 44
6 66
90 158
9 164
133 196
67 102
45 149
51 81
180 184
118 153
7 55
45 183
24 140
5 66
104 131
18 30
17 197
45 177
125 174
75 99
25 56
165 168
32 48
108 196
52 130
99 165
49 58
113 118
65 191
18 136
81 186
23 78
139 164
70 79
83 96
99 167
40 53
64 143
74 109
85 187
29 99
56 197
90 96
44 81
34 54
15 137
86 184
4 78
127 143
71 160
121 196
10 49
2 194
