200 931
1 2
2 3
4 5
6 7
8 9
8 10
11 12
13 14
4 15
16 17
18 19
20 21
8 22
22 23
24 25
25 26
27 28
29 30
29 31
30 32
33 34
33 35
4 36
37 38
9 37
39 40
41 42
34 43
29 44
45 46
45 47
45 48
45 49
18 50
51 52
53 54
55 56
55 57
30 58
58 59
10 60
61 62
42 63
19 64
65 66
54 67
2 67
68 69
1 70
60 71
32 59
32 63
37 72
52 73
48 74
18 75
23 76
38 77
77 78
77 79
80 81
80 82
4 49
83 84
53 85
85 86
87 88
8 28
89 90
15 91
60 91
43 82
92 93
6 43
35 88
35 54
51 94
17 95
38 62
36 96
86 97
89 98
99 100
6 101
28 102
103 104
51 105
11 106
18 65
60 65
18 107
44 108
44 109
44 110
35 111
112 113
47 61
10 108
10 114
78 115
73 116
22 81
81 110
10 15
5 15
117 118
104 119
92 120
66 121
7 122
118 122
122 123
70 109
92 124
23 51
27 104
6 78
6 63
36 70
49 125
107 126
127 128
127 129
16 73
49 84
100 130
131 132
36 133
101 134
118 120
77 92
135 136
58 137
110 137
93 138
84 93
27 139
74 140
70 141
12 54
54 95
27 54
109 133
11 95
142 143
63 78
144 145
93 124
6 146
4 147
14 87
14 112
64 132
46 99
86 99
51 144
148 149
29 68
70 88
70 142
115 118
60 150
37 86
50 122
14 122
72 82
82 84
66 108
11 151
32 57
57 141
15 123
21 152
148 153
108 138
119 154
17 140
10 109
26 140
32 155
131 156
93 157
93 110
93 126
85 154
152 158
137 159
28 128
28 57
132 160
79 161
45 146
5 34
34 49
34 140
42 162
45 162
47 97
113 163
164 165
86 88
47 84
104 144
108 166
125 126
120 125
36 119
167 168
139 169
98 138
139 150
84 170
22 46
48 159
2 48
33 171
30 117
74 99
168 172
88 173
52 136
46 174
89 136
56 136
131 136
88 100
49 139
157 175
80 99
16 80
80 152
109 142
90 142
56 111
50 176
50 140
12 126
12 177
157 178
26 179
43 150
18 150
150 180
84 150
157 181
56 126
55 79
9 128
49 128
128 163
128 139
133 182
21 79
143 165
33 180
25 180
25 119
25 153
56 96
96 115
30 104
30 54
31 141
2 134
11 183
22 153
48 184
73 153
15 73
32 185
31 185
156 170
49 186
94 182
171 182
78 182
141 187
141 177
146 174
28 174
125 188
134 188
51 188
36 57
51 57
95 173
87 173
2 173
2 156
2 131
143 173
9 127
10 16
16 98
57 93
37 188
55 174
132 174
174 188
28 189
5 94
94 149
94 113
160 175
160 180
152 190
161 164
120 191
27 191
170 192
170 193
139 182
186 187
175 186
106 186
168 186
64 186
7 71
170 194
36 40
102 185
21 110
76 121
17 121
22 159
22 185
158 170
94 183
27 131
27 96
27 89
27 73
27 142
59 183
108 112
59 134
31 79
31 76
104 175
154 175
14 96
30 71
30 167
31 93
31 48
59 88
59 93
113 134
97 180
22 99
4 184
28 143
49 61
73 143
106 133
16 133
90 162
90 125
79 117
153 155
128 130
36 128
110 168
58 143
70 169
162 169
124 150
72 150
26 163
26 76
109 174
38 157
12 41
12 188
157 158
50 158
7 110
63 154
63 171
50 115
50 94
50 74
50 80
139 183
117 139
96 139
65 183
19 131
101 172
180 195
88 140
172 184
120 182
60 120
48 156
171 183
71 171
61 115
65 82
117 145
57 84
75 84
151 191
60 139
58 139
135 138
70 139
65 145
143 145
122 145
21 65
65 116
8 23
47 109
57 125
166 167
105 116
36 89
36 176
89 170
152 182
75 102
32 86
135 163
108 164
163 165
95 163
83 162
162 174
45 145
188 196
34 190
161 162
113 161
36 46
65 93
8 146
125 161
151 161
84 191
120 190
7 178
54 137
140 177
61 167
131 192
16 93
93 146
131 175
26 167
117 155
176 193
30 194
37 99
37 140
115 129
10 90
44 140
41 175
164 175
14 19
125 131
67 125
143 149
84 185
123 155
85 185
49 51
160 163
74 181
166 187
119 195
61 138
138 143
48 176
40 166
40 129
104 112
104 184
148 156
153 185
124 152
140 189
71 90
123 142
155 175
56 85
32 165
16 32
49 94
155 160
16 122
31 91
37 131
160 197
126 127
90 152
150 179
35 70
34 113
163 181
68 111
68 177
51 165
78 96
64 99
88 178
66 178
149 186
71 132
166 198
69 188
64 195
34 83
34 36
69 104
30 69
144 160
42 133
15 23
17 96
59 132
177 192
39 142
97 162
95 113
34 133
52 107
62 107
46 62
62 96
139 167
180 199
114 137
20 137
7 158
158 198
38 194
56 72
118 141
8 162
100 196
58 69
74 134
107 121
18 187
13 168
49 141
35 137
80 149
29 130
124 186
95 164
56 107
63 99
40 48
23 62
45 127
65 117
4 136
107 122
78 166
149 173
159 164
99 151
6 103
69 187
7 179
78 158
67 114
36 116
127 198
71 147
115 124
45 80
66 89
144 190
115 172
56 93
34 120
43 86
29 169
20 142
147 182
9 104
92 112
83 167
81 143
80 156
95 134
31 70
65 154
48 151
3 185
99 157
147 153
2 74
82 168
71 138
9 126
54 120
95 174
108 132
10 166
10 76
98 112
18 119
10 158
111 183
25 58
100 195
165 173
41 160
160 188
64 160
109 149
149 152
35 53
133 144
28 49
52 101
84 91
107 132
65 165
7 44
106 130
37 115
37 75
135 191
83 92
35 165
144 147
75 192
14 67
40 59
102 152
45 102
90 99
6 74
69 171
69 135
39 98
86 161
36 194
1 121
115 147
30 105
5 199
5 186
13 177
35 123
38 104
50 101
17 67
76 126
37 149
52 156
35 126
43 197
115 200
75 123
185 187
28 155
51 68
87 165
5 85
13 151
69 72
81 85
29 148
26 194
101 198
2 57
5 152
10 34
100 123
92 99
119 129
83 115
129 144
14 81
109 168
134 158
112 177
15 140
80 138
103 136
59 69
8 77
76 173
50 155
9 166
69 74
18 167
161 167
37 112
116 123
108 197
67 147
44 46
48 186
71 173
59 129
29 132
65 169
68 121
21 196
65 146
96 126
29 64
61 136
41 60
100 122
163 177
49 199
43 156
82 142
43 116
63 121
148 164
94 127
87 152
3 126
86 170
33 86
43 187
41 182
39 135
91 120
149 167
24 50
28 56
152 189
144 174
38 178
32 110
182 198
40 122
19 174
29 103
15 27
25 112
100 188
46 149
158 188
44 59
41 136
18 115
62 184
24 168
121 136
22 73
98 101
20 192
18 190
108 158
13 165
103 113
112 146
6 168
42 58
2 46
163 197
4 53
20 55
61 162
3 41
3 181
28 104
166 186
36 83
89 121
15 35
74 160
107 127
18 23
88 141
45 73
3 51
120 169
152 184
156 159
164 174
15 149
15 30
32 158
76 129
70 78
116 165
120 170
1 197
46 79
101 104
111 115
65 105
132 143
90 141
176 177
107 153
169 171
1 165
47 152
184 197
30 115
27 158
63 74
103 188
13 105
54 153
38 173
16 194
166 180
119 142
154 161
25 48
71 96
59 140
40 187
100 175
16 152
46 121
18 64
51 92
79 104
132 150
8 124
1 109
96 171
133 199
156 183
26 196
4 152
111 196
113 151
35 120
48 54
146 157
20 180
26 157
19 46
58 95
101 191
51 53
137 149
32 56
122 135
167 169
156 173
61 169
32 117
87 155
31 153
24 140
69 118
122 127
57 73
183 188
23 104
7 184
57 120
77 186
52 59
21 78
51 112
126 160
75 140
138 154
10 175
33 160
34 80
14 22
80 142
53 129
72 167
94 100
99 115
107 152
64 96
84 142
111 169
70 170
106 193
14 108
131 176
12 176
181 183
37 135
112 124
145 190
180 187
34 73
49 149
123 167
5 115
49 191
87 174
40 180
70 130
57 181
33 80
44 117
131 139
64 131
3 98
17 168
27 100
9 103
17 164
43 94
146 166
7 53
143 151
41 179
89 133
8 171
59 138
19 111
91 147
57 70
143 156
4 99
125 169
2 15
84 85
104 127
85 187
119 120
41 137
173 178
44 120
7 150
