200 952
1 2
3 4
5 6
5 7
8 9
6 10
8 11
12 13
14 15
16 17
18 19
8 20
21 22
21 23
15 21
24 25
26 27
28 29
28 30
28 31
2 32
33 34
35 36
37 38
39 40
41 42
41 43
35 41
44 45
32 46
46 47
48 49
48 50
20 51
52 53
54 55
50 54
26 56
57 58
59 60
9 61
62 63
47 57
64 65
64 66
64 67
64 68
64 69
8 70
71 72
73 74
53 75
39 47
76 77
43 76
27 78
78 79
9 80
9 49
17 52
17 81
17 53
15 82
66 83
31 84
85 86
22 87
67 88
11 89
19 90
90 91
74 92
24 93
27 94
1 77
20 69
95 96
97 98
35 46
63 71
51 99
77 100
16 69
16 29
16 101
16 41
102 103
77 102
104 105
22 104
104 106
107 108
4 107
7 109
38 75
21 38
71 110
49 111
109 111
14 112
45 47
67 113
112 114
28 56
72 77
92 100
57 115
56 84
43 56
40 64
18 40
33 78
101 110
18 110
116 117
43 118
31 109
70 96
66 119
8 120
34 120
72 112
110 121
122 123
10 76
40 124
125 126
68 127
23 127
23 53
76 128
66 129
3 57
96 130
10 88
4 5
80 114
5 131
18 46
39 132
2 7
28 121
28 48
53 133
134 135
47 60
48 61
6 136
48 99
48 104
69 137
137 138
122 139
3 42
42 79
19 98
19 140
51 141
11 51
7 142
32 103
6 73
52 121
52 120
11 85
143 144
63 143
84 145
84 126
17 146
65 146
83 129
53 147
2 13
2 20
148 149
15 118
15 138
75 92
150 151
36 152
141 149
23 135
135 153
137 154
19 154
145 155
79 155
131 156
121 156
91 157
117 158
149 159
1 159
109 112
22 120
55 134
41 81
86 151
49 160
54 142
24 81
81 118
41 161
58 72
58 145
86 88
86 149
86 120
83 86
40 65
62 129
19 82
8 162
47 163
163 164
34 163
138 165
73 165
50 67
6 50
66 91
93 135
77 137
2 3
83 138
2 38
2 135
156 161
2 77
17 93
49 153
72 153
128 155
4 106
106 141
106 138
14 86
4 154
4 166
4 96
4 130
94 134
133 152
138 167
163 168
60 142
63 74
98 126
21 117
137 169
29 169
114 170
79 145
51 171
17 171
47 172
69 142
103 159
69 173
101 149
1 109
174 175
77 174
127 136
33 139
33 176
88 126
88 125
12 101
1 60
66 173
56 167
56 177
49 118
178 179
33 178
17 90
30 179
80 151
3 151
151 180
68 100
60 68
115 180
90 103
99 157
62 96
61 180
80 117
38 44
111 129
129 130
7 154
19 176
7 42
61 142
83 126
126 151
103 108
94 130
127 130
108 140
62 108
108 138
35 181
145 182
176 182
30 45
142 175
123 130
41 123
167 183
40 132
76 132
65 171
37 184
37 73
25 165
63 175
43 185
53 185
70 74
62 109
104 129
32 99
32 64
23 51
77 186
6 128
60 139
6 82
6 11
13 186
23 114
133 176
84 176
113 148
109 148
36 103
36 145
114 115
82 91
49 62
42 74
24 63
25 49
16 37
65 121
30 132
113 175
132 150
132 187
55 164
54 164
70 164
136 164
6 164
83 170
11 188
142 171
57 142
182 189
62 182
99 182
61 108
83 108
49 126
62 126
171 182
129 156
102 131
131 176
102 108
85 168
20 131
54 98
133 190
52 61
7 28
157 191
44 192
44 47
44 70
70 166
12 70
70 113
107 124
6 80
32 130
134 180
11 96
99 131
79 97
79 153
103 173
103 122
170 193
91 121
108 121
86 180
99 148
71 151
17 172
17 99
30 53
49 65
97 173
119 173
105 173
127 186
101 188
69 149
149 160
33 194
109 195
55 196
3 196
137 196
168 174
54 174
1 129
30 149
44 173
49 159
53 126
105 183
69 78
3 102
3 51
79 129
86 123
113 172
195 197
127 171
20 145
145 158
103 165
31 103
26 103
47 170
82 178
169 181
151 167
151 183
43 116
21 193
11 43
43 179
35 178
56 189
145 189
13 161
19 166
22 154
38 154
56 154
56 71
74 197
120 197
74 130
142 162
90 126
162 163
6 163
138 182
50 123
83 123
107 180
94 188
75 189
86 190
29 124
6 134
134 164
54 189
54 106
2 106
140 198
103 198
153 181
80 153
111 153
106 111
133 154
2 39
56 95
118 132
2 132
2 41
83 189
133 173
59 133
89 118
118 182
113 179
77 184
108 193
93 174
79 167
27 167
80 146
18 168
26 146
168 169
97 168
123 177
103 123
38 132
122 132
91 106
91 160
22 171
124 146
116 124
93 95
157 163
78 119
4 147
85 119
24 163
23 58
58 69
80 194
50 82
21 62
34 165
34 119
157 161
87 161
42 132
54 153
82 147
102 138
31 108
104 185
180 185
52 160
44 104
162 170
120 174
111 113
151 197
30 137
98 145
74 98
32 49
126 181
95 181
134 141
98 129
97 155
89 98
22 130
83 171
30 93
8 170
57 159
133 159
88 116
111 159
81 159
165 187
117 149
141 161
60 143
55 60
90 129
117 198
107 117
129 191
157 171
106 172
76 172
101 156
22 88
81 192
4 155
93 157
27 199
12 34
34 126
81 195
73 78
124 187
9 36
31 184
92 158
102 150
42 72
138 149
193 200
115 196
13 139
68 199
145 172
23 147
147 161
117 129
146 178
23 69
83 84
77 84
57 165
123 143
29 143
88 128
88 148
85 176
101 165
49 199
52 145
54 185
99 156
33 95
36 44
59 134
121 128
73 104
73 88
73 122
135 140
77 159
84 122
62 179
132 182
30 54
21 121
7 122
24 122
57 181
127 176
31 105
33 172
19 33
42 185
42 111
112 121
45 88
47 91
122 137
137 160
5 48
48 185
48 190
60 174
67 177
14 94
61 72
51 197
138 197
7 117
105 175
166 170
74 175
153 200
70 95
76 192
55 78
114 148
24 52
57 125
49 127
32 128
14 48
23 184
35 70
175 199
61 100
13 197
51 125
7 152
101 119
53 122
107 175
95 126
114 153
6 95
110 158
95 164
36 177
125 144
12 33
36 69
35 135
74 180
34 152
74 77
27 85
133 158
13 95
146 160
96 161
96 125
147 156
118 134
111 167
110 193
103 109
93 136
156 158
143 148
26 66
122 173
64 183
139 187
27 135
56 184
22 36
40 114
1 155
11 29
28 85
102 185
34 98
114 194
78 137
1 113
26 82
105 123
76 159
14 183
2 139
23 116
176 181
110 130
166 178
38 69
107 138
104 142
110 174
33 87
70 92
100 196
15 156
15 53
143 193
7 100
182 198
51 107
69 105
95 115
69 198
3 69
10 147
59 142
1 28
81 112
13 105
107 131
93 98
1 105
12 186
55 165
31 177
89 128
18 32
52 75
25 195
67 155
30 194
121 147
48 67
66 134
39 157
66 171
70 179
82 97
17 133
12 179
52 69
30 50
75 157
97 107
62 78
61 109
76 96
29 71
6 40
5 104
100 154
73 135
52 124
76 142
14 20
60 69
40 156
46 159
106 143
45 194
47 65
60 102
19 62
61 119
23 59
130 150
57 183
56 142
89 102
54 120
38 92
52 194
41 45
85 195
133 147
11 62
48 180
40 197
82 110
46 179
44 136
5 45
8 57
27 187
118 139
108 189
163 170
4 84
39 59
28 159
10 37
61 152
33 162
32 117
28 113
26 37
67 109
72 125
19 20
18 29
88 156
35 88
79 96
42 181
51 59
70 192
87 187
141 167
8 14
65 173
6 12
11 100
146 195
15 164
121 190
82 114
121 177
20 119
144 185
49 135
121 172
67 134
1 85
64 102
44 113
20 127
113 130
134 200
85 139
23 168
13 150
84 123
9 142
123 161
44 50
16 52
116 191
152 196
26 196
6 46
26 61
130 132
36 155
171 197
52 188
41 142
79 138
96 198
42 157
127 180
119 194
155 185
34 38
70 90
40 56
191 198
131 144
27 63
17 180
112 175
83 168
45 48
39 94
25 187
161 195
75 182
21 151
24 127
66 187
19 198
36 50
91 152
67 190
4 111
180 186
116 155
65 124
65 157
51 176
163 176
109 126
25 199
9 74
86 106
83 179
115 160
149 188
40 123
76 92
82 164
107 134
3 153
156 164
62 151
2 11
2 150
17 101
74 153
52 91
25 112
9 83
81 142
26 69
61 159
52 96
75 160
7 89
178 192
67 135
7 197
101 176
53 151
53 167
157 176
97 136
100 165
5 108
171 200
148 198
140 159
179 189
5 28
