199 1091
1 2
3 4
5 6
7 8
9 10
11 12
13 14
15 16
15 17
18 19
20 21
22 23
24 25
26 27
28 29
24 30
31 32
33 34
32 35
36 37
38 39
40 41
24 40
1 25
42 43
44 45
46 47
15 34
34 48
49 50
10 49
49 51
18 52
53 54
55 56
55 57
58 59
16 58
60 61
53 62
53 63
53 64
53 65
66 67
2 49
14 68
68 69
70 71
70 72
27 73
71 73
59 72
38 74
75 76
49 77
78 79
11 66
11 80
81 82
7 81
14 83
49 83
42 84
44 85
86 87
88 89
46 90
27 91
6 92
93 94
31 95
41 79
96 97
84 98
1 37
82 99
100 101
24 102
38 98
103 104
90 96
70 102
105 106
66 107
49 108
85 109
109 110
102 109
99 111
57 112
27 113
51 114
29 115
12 36
114 116
21 114
98 107
6 98
73 117
26 81
40 118
119 120
29 85
4 35
72 121
42 122
123 124
49 123
28 106
28 125
53 77
14 118
6 24
124 126
31 123
127 128
19 127
7 127
92 103
92 129
47 130
47 78
10 131
54 111
54 82
132 133
19 75
19 134
26 119
98 135
12 135
6 136
137 138
30 38
13 139
41 140
73 87
90 141
27 89
64 89
74 89
22 71
111 142
10 128
82 92
100 143
71 125
43 50
33 74
50 99
76 144
2 88
124 145
146 147
67 148
115 148
134 148
77 116
131 149
85 149
120 150
42 126
85 120
15 94
51 52
67 151
23 144
144 152
57 144
51 153
51 94
103 120
52 86
86 100
142 154
101 155
30 101
72 132
54 132
47 132
99 141
6 143
56 156
56 157
80 158
72 158
110 158
29 158
71 158
152 159
71 91
102 116
48 160
67 69
62 153
10 153
82 117
33 82
106 150
21 161
34 161
147 161
136 161
18 162
141 154
97 163
62 164
164 165
76 101
29 157
87 166
7 167
89 167
92 143
29 168
34 165
102 169
47 170
163 171
172 173
33 36
76 174
158 175
144 175
133 173
75 163
130 140
59 176
33 117
156 157
72 156
69 136
72 177
72 178
14 120
8 120
119 179
97 137
93 104
90 114
7 41
16 104
49 72
61 72
100 115
11 179
35 123
52 123
50 60
33 43
68 85
51 68
68 157
97 101
97 98
106 180
163 180
35 180
110 181
117 180
81 182
10 182
182 183
21 25
128 139
23 74
72 130
37 130
110 179
110 134
37 110
38 110
110 120
71 110
184 185
116 149
116 124
134 169
75 98
75 173
17 53
138 157
72 123
107 186
172 174
87 174
42 174
155 174
20 174
8 186
57 158
57 76
75 177
135 177
71 102
16 61
16 24
96 173
43 81
145 165
47 64
64 90
43 180
153 187
47 126
126 129
13 126
42 150
3 147
90 184
18 96
18 154
40 173
33 108
56 104
17 179
17 187
114 164
72 124
14 124
82 124
42 124
33 114
174 183
7 188
121 160
40 48
135 189
75 147
25 102
25 52
120 138
138 141
63 148
32 71
23 78
155 166
8 69
95 145
95 131
38 101
139 168
45 152
45 128
8 45
145 170
63 172
63 163
4 139
53 139
187 190
54 190
21 190
10 179
23 179
2 37
41 62
26 191
12 191
15 134
21 36
36 74
12 43
111 178
12 37
37 176
54 176
19 133
129 136
75 151
36 149
37 100
48 100
33 76
48 180
87 90
90 107
32 90
90 124
65 172
65 114
10 127
108 127
65 192
15 65
84 90
90 115
128 193
47 128
129 149
48 61
52 60
52 120
50 52
149 151
46 49
97 151
83 151
151 194
108 125
87 108
108 169
26 108
53 108
69 108
154 174
12 89
38 50
19 97
4 176
12 68
59 178
110 178
176 178
66 178
115 178
23 178
12 22
103 111
31 36
36 120
76 191
83 171
62 93
30 62
84 138
84 195
62 146
62 103
69 190
73 190
113 190
190 195
45 190
166 190
51 190
153 190
2 96
102 142
192 193
32 193
6 72
133 134
127 145
75 145
39 145
116 155
155 196
45 130
8 152
8 125
12 95
40 131
22 168
101 168
20 168
45 131
39 131
8 33
8 31
61 133
6 90
23 70
144 192
22 142
7 32
33 142
63 101
2 4
97 153
46 138
40 73
67 99
67 152
67 129
67 197
15 121
62 121
105 121
14 40
7 124
39 124
125 155
125 190
33 157
33 130
21 183
34 183
40 152
134 189
112 147
86 147
52 69
51 69
18 85
34 184
122 184
119 184
147 170
60 147
25 26
189 198
110 187
5 189
79 187
149 150
4 127
57 169
57 85
46 173
64 84
7 100
165 189
62 64
156 173
97 173
4 81
71 147
71 154
57 59
57 138
54 174
174 179
131 186
155 186
64 87
132 186
27 186
17 176
17 149
2 35
9 96
46 169
106 181
96 157
37 52
53 116
65 116
116 170
5 124
82 184
158 184
110 160
85 130
130 189
35 184
139 185
31 62
21 196
21 174
33 113
27 182
34 180
120 180
30 180
62 79
117 150
154 175
150 171
127 181
36 181
94 171
64 180
23 43
43 95
106 123
123 197
123 172
123 130
120 179
179 199
160 179
8 172
65 115
6 115
162 188
91 188
162 168
37 101
35 177
106 177
99 177
167 197
35 169
114 128
114 145
114 136
49 114
32 114
104 116
132 168
3 97
137 179
143 165
12 82
45 72
69 168
93 156
61 113
117 162
150 176
13 150
100 140
12 184
11 175
104 150
114 127
5 158
100 123
167 196
23 42
118 172
76 172
75 153
70 74
10 126
129 132
19 23
19 136
120 163
102 164
30 170
170 195
133 168
157 198
26 192
26 34
167 184
86 103
84 166
135 157
66 68
158 171
18 191
1 47
1 153
39 160
1 74
44 161
161 167
69 74
43 86
22 35
79 106
106 134
20 106
8 131
107 193
60 87
82 128
82 173
42 143
97 102
21 91
150 159
101 174
148 150
26 95
82 176
112 165
56 117
6 130
32 179
24 146
43 141
33 50
109 197
136 197
27 159
57 101
26 172
11 84
11 60
12 141
135 141
99 183
114 154
66 86
6 62
4 101
120 125
14 51
99 145
64 77
102 161
21 100
41 142
144 173
106 121
55 121
39 154
148 151
72 151
32 172
16 30
60 176
84 175
81 195
81 153
55 142
12 105
123 198
42 152
100 120
21 108
13 108
70 185
55 78
98 169
38 179
26 112
141 149
71 149
71 90
119 165
44 150
29 94
38 148
78 187
28 58
25 145
71 186
55 135
106 161
63 107
119 155
121 148
67 146
74 137
27 94
145 173
56 186
22 54
22 122
47 57
7 20
79 144
69 144
105 189
50 76
40 123
80 97
95 186
162 181
102 146
37 197
8 132
137 148
118 138
72 146
88 113
68 118
82 177
91 138
69 141
20 85
1 128
61 194
22 63
11 44
90 157
1 64
109 115
100 126
63 89
19 66
16 157
60 73
73 181
140 160
185 191
55 197
15 161
37 136
168 196
54 168
34 40
84 171
38 119
97 168
79 101
11 67
141 175
92 123
83 181
136 176
190 194
13 48
13 159
11 24
60 92
6 191
113 171
1 181
14 112
5 119
130 132
169 198
78 155
54 155
23 196
25 132
9 73
54 197
59 104
21 64
22 94
19 47
75 117
83 99
103 127
55 80
118 125
31 117
31 113
12 92
15 95
15 74
12 93
3 118
32 44
85 124
18 49
67 77
85 177
6 108
55 173
75 121
151 166
8 79
79 98
24 75
119 146
46 112
123 158
87 189
45 97
98 196
125 157
75 126
141 158
114 129
35 57
36 108
40 184
128 142
106 186
29 53
50 125
39 51
71 146
93 113
114 196
20 176
151 179
127 153
111 132
76 143
40 124
19 76
92 131
55 194
127 177
133 166
44 111
30 105
159 171
117 122
33 175
15 88
90 161
69 103
9 38
24 114
19 100
6 137
149 155
44 146
84 96
96 193
22 42
33 54
5 44
35 82
134 163
54 171
3 41
43 63
42 95
84 147
62 197
41 186
93 127
80 184
18 112
62 152
5 166
52 90
132 135
88 129
86 170
21 186
4 52
17 77
121 159
11 16
30 78
54 77
69 75
36 59
9 70
101 122
23 198
30 76
88 163
68 148
66 167
78 160
151 172
112 188
88 156
60 148
19 60
140 195
65 147
58 182
111 159
87 104
122 133
149 198
79 166
35 196
72 112
72 167
1 45
14 158
60 88
3 68
6 76
93 123
86 187
67 171
73 156
94 181
20 117
34 78
27 171
96 182
3 113
43 119
40 185
1 9
122 181
46 104
44 128
64 114
24 99
37 119
55 129
103 166
28 97
133 154
51 120
35 144
155 199
52 68
59 137
23 33
28 143
75 81
117 169
30 148
28 41
65 148
23 170
83 142
48 173
135 163
26 44
145 166
137 192
22 124
94 122
44 78
18 20
135 180
15 125
56 142
13 197
30 39
23 93
73 192
138 164
46 69
168 193
77 86
6 35
176 192
83 159
15 140
70 159
4 192
10 40
11 130
71 130
65 190
29 80
159 170
69 104
74 144
111 138
115 188
94 152
65 89
10 116
7 65
9 189
66 155
8 74
28 31
57 189
133 179
51 95
34 176
90 152
1 159
23 80
67 119
23 184
62 148
113 180
13 50
25 176
115 195
49 105
131 181
69 98
27 139
178 181
61 119
22 120
7 183
12 117
19 50
42 183
41 168
25 78
18 129
47 118
6 49
20 22
7 104
12 34
58 120
19 21
6 151
39 59
10 178
158 167
31 127
68 127
102 197
86 139
155 182
76 160
188 197
71 94
48 54
47 75
6 178
90 166
130 183
57 194
142 168
139 148
72 129
113 119
82 194
47 198
10 137
44 58
9 45
55 79
94 137
8 68
51 162
76 162
61 162
88 162
153 162
152 162
