200 1160
1 2
1 3
4 5
6 7
8 9
6 10
6 11
12 13
14 15
16 17
11 18
19 20
19 21
22 23
24 25
24 26
27 28
27 29
26 27
30 31
4 32
27 33
34 35
34 36
37 38
39 40
28 41
42 43
44 45
9 46
10 47
16 22
48 49
27 30
27 50
20 25
41 51
52 53
49 54
55 56
57 58
1 59
59 60
31 61
38 62
16 29
35 43
1 63
18 64
2 16
65 66
67 68
3 7
7 62
23 69
70 71
36 61
42 68
3 72
73 74
41 75
24 75
76 77
15 78
78 79
27 80
27 53
81 82
83 84
10 85
41 86
87 88
85 89
76 89
40 89
90 91
87 90
92 93
4 94
95 96
97 98
2 99
50 99
6 56
64 100
35 101
24 100
24 102
24 53
36 100
103 104
19 105
32 106
80 106
107 108
1 109
57 110
7 110
86 110
102 111
102 112
93 113
14 113
114 115
36 47
36 96
36 62
21 25
63 100
50 109
8 116
47 50
112 117
2 117
114 118
114 119
68 120
5 22
5 121
40 122
6 40
18 123
46 124
125 126
60 120
108 127
108 128
6 128
32 82
4 129
26 32
7 93
54 55
77 116
22 109
28 130
115 131
111 131
68 88
88 132
11 33
45 82
98 133
133 134
135 136
137 138
33 139
2 139
139 140
10 139
100 141
33 120
101 142
23 143
79 99
20 82
82 98
103 144
91 136
93 145
68 145
104 146
87 127
117 133
5 147
5 96
5 148
12 54
54 107
48 149
46 140
118 140
93 107
49 88
43 49
83 150
3 150
150 151
4 118
119 152
152 153
28 66
11 58
11 31
3 154
34 155
122 156
93 157
63 75
141 158
13 23
23 159
22 52
76 151
7 83
63 83
50 160
64 154
35 152
154 161
35 154
162 163
30 87
16 111
53 64
34 79
16 107
26 101
17 101
60 101
56 102
82 163
25 164
114 123
74 143
23 94
4 64
64 121
22 28
90 154
11 75
53 56
56 108
68 136
72 165
4 72
125 163
88 166
100 167
77 166
13 86
13 76
59 168
11 168
118 168
82 167
122 169
52 101
13 170
155 171
122 171
23 118
129 172
121 155
13 54
157 171
171 173
14 50
62 85
25 96
107 172
126 172
27 126
86 89
89 105
62 116
83 173
7 16
49 129
32 75
32 174
26 166
62 140
44 140
17 136
44 80
129 155
98 151
76 138
14 109
11 29
2 64
105 118
137 175
9 175
28 176
28 177
23 177
57 178
55 178
29 178
139 148
58 145
91 179
86 91
91 131
125 180
180 181
60 127
26 147
9 123
173 182
83 182
157 180
71 138
25 183
3 10
149 184
15 45
20 185
26 176
26 80
96 112
66 145
113 180
94 118
94 186
81 176
53 187
86 170
38 170
16 104
75 188
143 148
122 148
149 165
43 149
32 35
93 121
72 121
138 189
114 189
94 190
159 174
117 156
30 119
82 185
104 184
176 190
129 190
74 156
82 172
126 152
112 159
27 186
24 163
111 163
108 139
45 108
95 108
163 167
47 126
30 177
11 70
85 172
131 165
129 131
45 170
64 165
31 56
122 188
148 191
60 192
105 174
115 147
77 161
117 121
77 143
62 103
93 142
57 143
57 139
15 98
26 172
86 106
29 193
72 193
21 173
21 146
47 80
35 80
13 74
13 141
107 161
69 161
32 161
10 39
39 130
11 62
62 185
69 121
69 119
37 183
24 127
127 192
127 180
124 194
154 194
5 40
37 125
37 53
37 137
37 134
69 97
4 15
4 180
4 109
4 184
4 132
62 190
62 76
39 139
11 195
82 85
76 85
61 85
138 161
64 161
79 161
64 144
13 91
13 36
74 80
29 80
64 77
21 98
21 39
21 116
191 193
157 193
51 193
40 193
75 120
2 75
7 127
64 81
15 43
57 135
78 142
142 174
142 196
117 130
77 79
7 142
142 197
131 142
92 115
115 160
9 137
9 18
3 144
159 192
177 192
12 178
12 198
44 191
47 188
182 187
166 187
34 187
86 187
104 187
146 188
82 188
116 188
188 189
157 165
93 191
3 102
63 170
69 131
131 196
43 191
43 51
3 113
72 138
25 70
91 166
105 185
105 132
162 188
52 162
30 74
30 145
23 47
47 133
47 100
131 163
49 108
69 163
112 151
79 150
14 79
69 111
72 111
2 111
111 173
97 111
79 197
73 79
118 186
49 186
40 186
79 114
25 151
83 159
123 152
151 159
143 156
110 190
83 190
31 116
142 159
185 191
30 70
138 165
88 165
117 131
103 159
8 49
22 159
175 190
11 189
75 189
164 189
14 93
14 125
14 57
80 93
20 108
101 108
161 170
93 170
149 167
148 171
103 148
104 189
130 170
187 190
36 187
26 81
51 120
92 94
78 94
54 94
36 191
102 162
52 113
8 145
104 191
109 191
26 163
20 174
174 184
28 132
157 189
90 189
3 166
15 96
15 77
15 97
59 79
156 187
99 115
115 171
31 110
115 145
53 184
27 112
72 173
108 173
10 183
65 86
86 136
69 183
8 183
119 157
5 157
2 47
117 182
89 123
34 147
73 108
122 145
122 184
101 181
87 148
32 180
87 162
12 87
36 176
40 71
71 173
58 97
78 129
36 118
47 79
79 145
92 100
59 178
26 178
63 175
61 98
61 125
152 177
124 177
73 148
72 148
85 175
74 158
71 95
101 158
30 105
42 105
64 86
64 105
29 52
118 149
138 157
72 98
88 155
18 155
169 181
17 91
16 42
13 44
96 144
109 161
9 153
9 186
3 118
85 114
32 120
45 188
49 75
81 111
166 180
122 154
63 173
116 140
116 118
194 199
59 126
126 156
101 107
9 25
1 12
59 142
68 164
61 100
14 163
14 71
106 118
129 154
129 186
90 129
124 197
118 144
113 124
34 52
104 124
52 163
12 171
10 33
101 162
26 92
157 169
7 167
84 136
67 77
138 166
45 166
77 92
18 72
46 128
98 177
33 126
116 155
39 192
3 75
54 90
77 90
95 154
57 195
8 121
72 177
64 200
64 94
16 147
16 195
120 172
172 193
119 155
90 187
38 89
118 164
144 162
51 82
63 102
23 72
16 56
58 195
188 195
1 177
11 101
101 163
21 101
80 107
81 197
43 120
110 170
93 139
34 171
53 137
15 53
124 141
135 198
34 138
16 87
180 184
38 126
64 162
80 187
146 154
154 196
83 94
4 36
159 160
150 162
66 125
63 150
89 98
52 115
52 195
58 93
91 129
103 163
23 156
23 35
122 151
102 151
141 165
84 128
14 20
119 176
153 163
71 155
151 199
71 178
9 197
148 152
75 187
12 102
4 147
66 171
117 171
129 141
160 176
28 125
49 107
82 93
59 140
15 102
54 153
61 128
44 72
49 62
19 196
133 182
44 146
51 62
66 137
41 183
145 187
49 51
107 141
136 175
96 150
50 156
11 167
51 144
110 123
80 168
25 121
28 40
40 142
2 167
45 116
70 82
42 75
191 197
105 169
12 35
44 54
157 173
2 54
121 129
143 159
120 161
129 198
4 44
90 119
90 92
81 142
109 141
89 141
12 154
32 139
120 184
4 47
133 135
45 94
117 132
98 149
33 36
115 136
66 185
56 145
9 128
33 73
33 53
133 161
131 180
118 131
65 85
11 118
125 130
160 183
13 73
57 129
77 97
19 55
55 91
51 84
74 136
87 135
9 135
80 198
24 144
55 194
150 185
29 55
4 105
107 115
182 189
135 159
108 174
95 136
1 32
8 127
56 188
72 189
99 105
3 186
70 140
23 106
22 94
140 186
125 169
81 124
152 171
78 109
123 165
49 114
76 143
59 191
25 117
57 152
50 195
148 195
60 140
41 124
57 124
52 122
111 184
115 119
39 200
72 85
151 194
25 131
51 109
57 114
155 165
31 187
19 38
63 88
160 190
110 161
92 110
20 178
66 119
19 107
106 126
68 106
23 103
49 120
10 35
95 153
82 107
112 149
21 61
48 183
2 98
106 181
100 101
58 197
56 112
1 114
82 128
95 97
4 195
35 51
6 148
9 66
46 87
42 125
132 199
106 197
5 142
18 73
56 136
95 137
166 181
126 157
86 104
85 128
83 119
51 68
103 177
16 158
18 158
34 170
27 145
95 147
87 99
46 76
73 166
56 75
41 89
140 141
73 88
72 144
71 174
18 134
13 53
33 135
42 86
1 83
74 92
95 106
105 160
70 127
45 198
23 198
164 187
62 158
109 146
74 91
29 32
100 182
1 176
93 108
105 122
67 149
65 174
153 191
51 154
152 194
57 86
2 161
18 157
35 74
51 142
76 191
125 183
24 164
99 198
130 197
85 119
19 61
142 191
60 155
12 172
95 173
18 200
57 109
180 199
76 198
51 129
49 149
61 122
33 134
20 117
50 165
5 27
71 122
68 101
69 150
21 87
163 179
48 137
19 76
130 173
82 155
17 27
57 172
133 138
16 134
67 143
1 146
181 193
47 106
62 72
47 83
46 127
85 129
44 177
26 174
100 176
3 34
71 136
135 152
36 87
34 114
31 183
11 133
32 76
63 64
59 170
78 189
58 182
54 161
27 198
29 65
24 122
20 118
60 112
96 185
57 105
45 187
41 170
10 101
37 169
39 79
70 175
4 107
22 27
11 171
133 172
130 155
28 144
36 163
76 109
111 138
141 143
108 136
29 145
27 183
65 191
69 129
104 196
16 154
11 105
16 24
115 137
122 194
1 106
12 14
61 109
20 98
6 192
6 160
4 41
51 94
72 105
110 163
104 154
185 192
144 194
83 179
58 174
51 95
3 32
171 176
59 185
65 195
97 188
12 163
101 178
29 147
17 175
3 114
23 113
9 120
15 125
42 60
115 166
129 187
31 123
62 171
163 191
167 173
123 134
37 147
101 145
109 138
193 194
13 139
53 102
132 179
17 146
60 144
9 157
75 134
10 192
44 130
178 182
60 136
16 152
68 183
150 186
46 112
74 152
32 87
59 184
5 91
46 74
28 31
5 136
117 185
147 196
71 118
11 55
153 169
116 119
68 138
85 120
121 170
5 81
54 112
39 64
123 159
19 140
184 186
40 112
35 171
44 142
47 49
27 173
147 194
66 89
72 115
105 130
104 110
6 24
27 187
80 153
102 136
104 126
69 112
160 161
53 159
186 197
3 15
15 105
182 196
34 159
60 114
19 22
27 66
