200 933
1 2
1 3
1 4
3 5
6 7
6 8
9 10
11 12
13 14
13 15
6 12
15 16
17 18
19 20
21 22
8 23
24 25
3 24
26 27
28 29
28 30
17 31
32 33
34 35
27 36
37 38
6 39
40 41
42 43
44 45
28 44
15 46
46 47
45 48
49 50
51 52
51 53
54 55
54 56
54 57
58 59
60 61
62 63
25 62
64 65
66 67
65 68
69 70
69 71
72 73
72 74
75 76
75 77
18 78
44 79
70 72
67 80
5 80
81 82
10 11
28 83
28 84
36 79
85 86
74 85
27 70
3 57
87 88
8 89
8 33
8 90
8 52
45 46
48 91
88 92
93 94
93 95
96 97
51 98
72 98
37 99
45 99
74 87
29 100
41 101
73 101
34 102
88 103
5 104
104 105
7 104
104 106
68 107
23 37
67 108
2 106
106 109
106 110
44 111
31 112
112 113
41 100
83 114
77 115
41 115
75 116
37 117
14 117
39 118
39 119
120 121
122 123
97 124
124 125
16 124
40 124
27 126
10 127
50 127
93 127
128 129
108 130
43 131
131 132
26 53
49 53
119 133
18 133
104 133
40 83
27 134
43 135
90 136
43 71
43 137
127 138
47 68
15 139
28 70
68 133
52 53
94 140
140 141
142 143
144 145
56 146
68 147
41 147
147 148
26 32
26 39
74 149
22 73
130 150
128 130
130 135
25 32
32 151
41 44
13 152
13 153
13 41
82 154
23 31
44 93
76 139
97 152
25 155
85 156
30 157
92 148
92 123
15 148
100 158
84 158
29 158
81 129
21 159
147 159
50 160
25 161
162 163
29 162
164 165
80 164
24 134
129 134
109 134
22 91
28 127
104 127
43 166
127 155
22 124
82 164
45 164
162 167
34 162
7 69
50 69
143 168
53 58
15 58
69 84
119 169
50 169
148 170
5 171
56 143
94 164
2 73
37 136
136 165
41 172
75 172
37 79
127 173
35 174
37 74
126 168
47 175
4 116
4 6
4 9
16 61
61 176
148 165
46 135
10 135
76 83
33 165
1 113
31 96
3 31
21 117
73 118
118 130
109 165
57 174
34 128
34 151
47 121
69 121
44 121
60 141
101 123
94 150
51 177
74 135
105 120
178 179
178 180
15 178
119 123
18 123
16 129
97 168
45 168
36 54
68 180
109 180
113 181
71 165
33 182
33 71
10 53
106 150
104 150
9 150
128 141
132 141
53 83
65 83
58 180
58 90
63 88
63 67
15 63
149 175
71 100
18 128
81 91
91 183
112 122
112 150
42 131
90 184
50 85
50 72
18 50
137 145
165 185
162 185
55 156
21 55
30 186
30 123
15 156
149 156
110 156
7 30
21 30
30 102
105 157
114 187
62 177
75 177
46 177
60 177
61 163
88 163
40 188
69 188
77 174
45 77
77 146
75 109
21 95
41 95
67 148
170 183
25 119
102 123
84 189
40 88
156 187
47 187
27 187
100 190
76 100
76 99
19 186
19 85
10 18
10 73
33 146
89 146
126 146
23 146
11 146
146 164
18 67
67 188
67 142
64 80
31 76
76 161
16 100
110 176
74 176
15 176
175 176
143 187
101 187
187 191
187 188
88 121
189 190
159 189
93 189
165 189
65 189
127 189
63 189
75 179
101 102
102 162
70 179
61 157
4 61
148 192
39 165
38 193
38 139
38 130
35 38
95 96
95 159
109 145
101 109
96 109
26 109
62 104
104 185
104 177
149 159
66 77
57 152
77 150
59 70
59 61
106 188
94 188
38 176
47 165
119 163
10 163
42 163
51 62
60 114
171 194
38 171
118 171
59 177
114 164
110 170
30 62
23 30
30 165
143 156
90 156
76 156
136 156
156 183
90 195
9 185
40 47
109 184
41 184
50 83
2 185
55 103
58 196
96 196
49 78
131 172
54 131
107 196
36 138
112 128
31 118
2 102
2 182
18 148
71 126
19 63
61 140
63 193
72 83
83 194
66 137
18 196
14 38
14 137
111 141
141 174
71 103
20 195
150 172
53 161
20 178
20 75
20 145
32 190
33 154
144 190
113 126
113 180
102 113
60 180
71 161
58 151
36 104
5 105
8 123
61 123
2 105
51 93
22 163
160 163
98 137
114 137
29 127
29 52
29 45
90 123
24 195
19 195
11 49
159 195
123 147
82 99
41 82
72 121
76 193
7 34
34 196
107 114
82 142
98 113
108 145
134 145
79 110
38 175
16 43
138 142
14 78
78 186
78 126
37 39
39 134
33 188
30 145
85 170
107 157
65 184
134 148
70 148
143 197
7 61
61 183
4 52
22 143
7 143
27 30
36 143
148 175
128 133
68 175
52 126
52 149
11 115
148 151
74 159
81 107
115 173
107 189
135 156
130 139
2 52
138 143
131 171
44 193
11 181
65 170
183 187
34 198
4 11
4 89
99 173
54 58
134 168
26 179
69 73
40 46
81 179
62 64
83 98
165 177
97 102
85 102
93 166
139 166
74 166
55 127
127 147
134 142
125 134
1 189
163 182
61 160
61 124
45 193
59 124
32 124
56 58
145 160
144 161
59 159
17 181
3 159
119 146
85 117
41 135
139 188
129 141
16 112
66 158
158 199
98 158
15 174
38 77
8 91
97 157
29 157
124 156
25 152
25 168
11 90
120 191
27 152
157 186
13 142
19 109
54 104
88 108
34 158
80 168
2 80
62 111
87 129
23 113
82 95
13 69
33 57
54 113
6 120
120 166
28 137
81 150
69 85
146 157
4 73
95 129
37 138
36 149
5 20
138 200
196 200
156 172
44 72
32 55
27 192
138 159
34 144
56 140
53 183
114 119
127 186
45 132
99 160
137 143
21 28
157 197
144 156
61 150
55 106
17 69
82 137
24 97
27 43
148 155
155 170
131 197
136 181
116 134
81 90
82 138
99 125
110 129
177 181
21 69
21 180
134 152
85 135
67 156
115 154
108 149
4 169
119 154
144 154
33 126
57 144
111 154
121 154
32 170
39 52
58 125
76 117
47 151
124 152
124 187
38 166
4 33
44 144
49 99
13 100
1 123
85 112
62 116
156 173
95 190
36 111
113 200
97 183
60 87
98 106
82 108
18 149
64 177
43 171
46 133
86 181
89 188
18 138
32 200
103 138
84 161
156 174
21 116
86 187
105 138
75 163
32 47
6 78
132 161
70 93
23 63
35 91
18 106
72 154
40 87
45 195
165 192
8 48
87 153
1 195
121 163
3 133
129 137
8 28
85 198
79 147
28 105
9 26
8 81
49 106
18 41
65 121
18 20
37 186
7 193
58 126
23 71
35 183
47 64
64 81
32 178
124 199
65 93
118 129
35 54
51 63
13 191
93 172
14 62
98 129
145 169
56 150
107 137
45 177
56 186
55 88
155 177
46 175
42 57
44 61
132 194
9 158
71 173
170 194
42 160
76 122
76 82
32 186
38 55
24 37
34 46
76 126
14 32
96 191
176 200
21 143
78 91
91 142
28 64
65 94
7 99
35 151
64 136
23 187
167 199
41 122
24 45
8 185
141 150
73 92
16 198
139 175
86 199
9 17
81 126
87 157
125 168
126 192
17 124
32 199
53 192
11 151
153 195
6 177
52 90
150 158
5 97
33 132
72 114
17 44
17 115
92 98
25 90
16 98
155 169
4 66
110 127
40 60
69 74
11 30
105 129
8 189
120 184
34 116
1 129
47 162
14 150
63 64
94 155
53 128
66 79
4 78
101 141
99 153
137 200
99 181
103 165
123 184
31 97
14 82
118 190
135 181
118 137
169 180
83 129
111 166
140 185
107 125
151 195
191 193
27 98
151 184
64 106
61 152
36 122
96 117
24 135
6 42
60 199
33 108
147 195
27 34
95 151
131 134
151 158
40 143
71 182
60 166
2 188
56 196
1 52
125 128
10 196
22 105
140 184
90 190
65 92
128 158
21 58
153 186
41 128
63 120
149 169
72 137
137 197
119 147
158 172
63 192
51 165
43 92
2 5
155 159
41 69
144 177
86 146
59 128
84 126
48 142
107 109
13 200
65 110
131 162
16 149
7 51
50 117
144 153
135 157
71 176
18 167
86 185
108 134
58 168
156 190
19 185
2 166
68 193
26 35
90 148
1 80
94 200
63 182
63 154
18 107
86 118
96 157
81 137
93 120
4 105
126 170
24 82
53 98
75 127
89 178
54 82
58 70
40 64
