200 862
1 2
3 4
5 6
5 7
8 9
10 11
10 12
13 14
15 16
15 17
15 18
11 13
16 19
20 21
20 22
23 24
25 26
25 27
3 28
29 30
29 31
1 32
1 33
9 34
35 36
35 37
38 39
4 40
4 41
42 43
44 45
34 46
47 48
49 50
51 52
53 54
52 55
52 56
57 58
57 59
56 60
60 61
62 63
64 65
66 67
67 68
65 69
70 71
9 72
73 74
36 73
75 76
76 77
77 78
43 79
43 72
43 80
43 81
5 82
6 83
84 85
3 86
24 87
55 88
89 90
43 91
30 86
4 92
5 93
25 94
64 95
96 97
30 98
57 76
99 100
36 99
66 101
37 66
17 102
37 42
31 103
104 105
74 77
32 106
107 108
109 110
38 111
83 112
29 36
19 65
113 114
39 113
100 115
100 116
3 117
78 112
59 112
56 112
118 119
41 86
41 104
66 110
104 110
72 120
120 121
122 123
21 124
39 122
122 125
41 80
100 104
72 126
26 73
11 118
120 127
128 129
14 35
59 130
131 132
4 18
91 133
25 134
135 136
85 135
39 135
78 135
26 134
109 137
5 22
138 139
138 140
96 141
66 96
50 142
84 142
123 143
30 104
4 125
11 33
49 144
69 145
38 115
62 118
1 118
129 146
63 147
26 46
26 86
26 56
27 137
27 148
13 27
140 149
61 129
32 102
67 76
75 146
150 151
96 152
84 133
69 153
97 153
103 154
37 126
5 16
155 156
18 157
18 158
10 84
159 160
65 159
145 159
21 161
21 162
98 143
79 136
12 64
16 58
49 163
91 106
9 54
5 164
4 106
89 165
89 106
157 166
122 167
42 122
119 168
70 168
108 168
70 93
70 169
111 158
111 163
86 111
103 170
140 170
6 92
8 171
5 109
69 96
9 69
96 103
103 172
33 66
173 174
75 173
25 173
37 173
169 175
9 26
7 21
9 176
86 176
10 176
126 154
154 174
52 66
17 50
7 136
42 86
86 98
85 106
2 85
81 119
82 119
119 169
82 177
101 165
10 82
74 141
33 56
56 74
56 121
18 108
32 174
58 132
137 142
7 56
36 86
178 179
42 115
104 172
73 172
90 172
79 131
49 147
9 107
12 125
1 19
19 142
114 158
155 180
44 122
163 181
101 162
63 66
67 106
49 182
79 173
106 183
84 183
116 181
29 127
93 133
116 142
116 120
9 71
11 102
71 119
89 92
6 36
22 132
76 141
38 166
62 93
62 136
78 148
87 115
75 177
75 119
87 96
17 83
17 174
17 74
59 76
14 81
14 101
45 48
6 117
5 184
45 184
41 105
13 160
98 138
76 161
17 161
138 185
33 184
60 186
35 54
54 90
19 117
155 187
24 187
97 187
14 105
61 108
59 86
59 187
59 170
17 150
146 149
75 165
23 87
87 148
83 148
74 148
90 148
22 171
36 188
25 62
166 167
134 162
132 175
90 141
110 141
141 166
38 132
1 146
35 92
106 174
106 115
71 173
110 125
110 119
115 183
18 116
93 166
47 156
124 127
61 127
90 127
101 127
127 189
17 127
93 170
24 116
141 183
51 183
156 190
49 120
68 141
65 167
148 167
66 81
147 181
83 180
119 174
14 119
14 114
2 57
19 69
3 68
118 125
47 107
68 106
22 49
52 117
36 55
11 52
79 160
79 84
133 172
127 172
16 42
42 191
44 162
41 71
41 178
21 115
81 86
23 192
56 118
89 177
3 177
98 132
40 132
137 167
18 41
81 147
18 81
121 135
110 121
37 108
42 193
190 193
1 56
33 104
33 95
25 82
134 165
153 165
58 82
81 186
93 138
69 93
89 137
27 119
111 119
12 40
36 112
36 121
86 159
139 194
52 195
52 178
90 181
154 180
146 176
176 187
143 176
154 157
104 160
87 151
96 143
98 151
64 151
104 186
9 115
9 117
190 196
110 173
38 190
131 190
84 145
58 145
83 190
33 81
109 130
25 40
25 109
103 118
69 100
69 87
69 113
49 69
69 130
61 126
43 126
6 82
6 184
20 157
32 45
150 157
8 143
28 170
8 70
112 125
133 166
92 194
186 194
85 157
33 89
131 192
164 194
36 187
178 194
80 170
167 170
49 192
78 97
78 120
78 195
19 78
16 129
30 111
76 197
8 74
6 74
74 151
139 141
65 149
11 54
86 113
74 98
131 136
80 98
121 185
21 188
21 133
21 159
153 155
40 155
75 159
46 146
10 190
146 179
144 190
100 166
2 112
36 107
19 146
33 65
103 108
24 176
31 78
134 138
110 134
39 159
112 143
93 103
103 165
103 153
103 140
66 89
168 178
113 194
73 179
153 156
13 40
63 150
3 150
3 146
157 172
10 45
76 142
50 109
52 61
116 182
10 26
42 162
27 64
2 6
6 70
110 131
63 198
49 63
20 129
58 195
68 182
68 195
108 154
2 156
16 89
118 195
4 113
26 197
30 193
195 196
8 157
54 80
54 155
143 160
88 119
142 155
88 197
60 148
93 148
138 170
137 178
92 142
92 180
38 173
109 121
99 134
20 91
41 188
74 82
129 169
4 91
108 182
130 186
60 128
102 130
155 177
40 142
10 25
142 190
107 154
22 121
74 104
80 148
115 134
10 115
28 62
20 122
14 122
97 139
184 187
64 147
110 166
181 196
78 199
48 118
118 131
118 142
101 131
54 123
117 143
85 160
52 65
36 96
21 55
97 162
25 38
167 200
43 50
33 53
5 157
75 77
104 111
46 104
6 129
26 31
31 88
42 102
47 66
32 53
31 111
38 192
96 193
95 169
89 155
182 186
63 83
19 95
93 113
94 134
13 94
79 150
4 103
12 166
24 34
86 93
118 200
104 154
35 99
27 138
150 190
77 80
43 128
60 110
98 103
73 137
2 94
76 115
29 123
72 143
28 70
137 165
91 98
46 107
39 150
158 159
23 68
123 175
66 104
111 189
86 142
107 173
51 114
157 191
4 64
9 104
62 79
60 180
52 90
85 89
31 117
19 161
121 195
117 193
137 192
1 63
63 168
62 177
143 198
103 196
56 158
42 71
4 159
10 31
85 197
18 55
38 90
35 42
30 181
9 89
154 176
128 162
129 189
34 158
123 184
7 39
5 185
28 153
1 98
156 174
11 20
50 93
25 50
34 142
40 153
3 25
26 91
99 114
22 51
152 168
13 23
20 194
2 165
43 150
165 179
4 28
122 195
9 182
28 118
10 60
60 134
8 68
5 98
9 100
1 129
140 144
43 185
38 92
12 156
25 156
59 185
33 80
131 138
110 181
177 182
29 70
9 118
112 197
7 62
139 191
123 148
173 190
55 147
20 44
129 181
46 61
106 146
31 92
131 200
48 171
100 188
43 127
27 79
55 86
171 191
19 46
19 49
67 118
46 117
142 172
102 140
52 54
90 109
121 190
99 137
122 156
86 178
13 142
87 125
87 192
44 156
68 99
63 132
32 172
8 95
14 83
86 108
2 197
100 119
144 196
41 191
124 157
2 40
76 79
104 187
84 109
111 149
122 175
33 161
106 142
23 157
125 162
85 161
67 139
52 101
62 65
136 179
49 200
134 180
114 177
168 176
74 132
19 43
40 100
122 189
86 186
133 193
112 114
121 132
99 155
88 133
114 140
39 134
69 92
42 164
29 96
67 85
188 190
169 176
11 125
17 113
87 108
100 149
15 64
41 74
91 186
21 69
126 150
147 187
51 118
42 112
107 160
126 137
85 149
78 143
99 131
129 183
17 58
81 197
47 129
76 189
11 134
146 152
30 53
52 128
39 155
38 40
121 193
47 170
29 87
49 186
82 148
35 134
164 188
145 179
197 199
77 99
158 163
116 163
112 163
42 163
64 163
