200 1011
1 2
3 4
5 6
7 8
7 9
7 10
11 12
13 14
15 16
17 18
19 20
21 22
18 23
15 24
25 26
27 28
29 30
29 31
9 32
33 34
35 36
37 38
39 40
41 42
43 44
26 45
32 45
45 46
32 47
48 49
50 51
39 52
16 53
54 55
56 57
22 58
58 59
3 60
38 61
12 62
63 64
63 65
66 67
37 68
69 70
71 72
71 73
74 75
76 77
40 78
9 78
77 79
37 58
4 80
81 82
70 83
84 85
3 86
86 87
88 89
55 90
50 91
90 92
22 93
93 94
21 95
96 97
70 98
99 100
99 101
99 102
26 99
48 103
25 92
95 103
104 105
70 106
97 106
106 107
108 109
108 110
65 73
17 105
59 105
111 112
54 111
85 111
36 113
114 115
42 116
117 118
4 117
30 117
18 97
22 33
22 119
17 120
4 18
42 121
32 121
64 91
4 122
81 123
124 125
125 126
65 125
17 88
127 128
90 96
49 81
49 53
20 114
26 41
1 129
129 130
115 131
41 111
132 133
134 135
134 136
117 137
51 138
62 135
77 135
85 106
53 135
14 53
53 139
26 112
90 140
66 95
66 141
107 142
77 107
107 128
65 121
81 119
131 137
18 42
18 143
12 141
16 141
38 141
126 144
23 145
92 126
144 146
26 101
31 40
57 144
81 144
53 147
75 147
147 148
106 149
55 150
57 91
90 91
91 151
87 152
7 33
33 104
140 153
137 154
57 154
31 154
26 120
26 111
155 156
121 155
90 114
45 143
84 143
7 56
109 157
85 158
109 134
109 114
31 152
24 35
3 95
3 90
35 57
110 148
63 130
87 121
11 29
106 141
119 159
155 159
133 160
161 162
150 163
44 157
86 109
54 164
77 164
139 142
22 165
90 166
64 139
20 46
34 164
57 167
57 148
61 168
62 106
106 169
16 137
122 130
41 57
140 156
67 170
24 67
75 171
49 157
149 157
98 172
40 172
135 158
67 165
28 165
57 173
85 174
113 175
38 77
10 20
94 126
165 176
98 162
28 151
67 77
73 153
17 74
121 177
41 177
132 177
114 128
115 155
34 155
44 178
99 179
51 79
42 171
3 160
150 156
31 156
134 156
172 180
151 159
60 136
30 85
14 180
1 81
9 133
15 28
9 27
9 53
38 181
152 182
38 152
136 160
127 167
116 153
114 183
40 184
162 184
120 158
34 133
34 124
184 185
59 156
88 112
44 99
58 88
6 42
6 7
167 176
169 171
131 171
137 171
10 171
2 123
90 186
74 187
71 187
76 124
87 163
5 92
18 77
64 137
32 64
8 183
2 175
2 82
2 92
2 116
92 138
92 119
9 92
82 142
100 142
98 142
33 41
52 73
24 52
31 42
156 164
164 184
20 130
52 101
28 95
92 163
37 187
22 97
20 175
20 74
67 166
108 166
64 166
135 166
7 185
119 185
91 188
118 124
17 159
52 55
66 189
79 182
149 189
29 105
48 183
26 190
154 191
155 191
159 192
116 119
14 119
137 145
137 166
141 192
179 192
116 192
192 193
87 90
90 163
52 90
27 191
68 191
3 110
41 48
13 105
9 105
84 146
30 84
77 84
94 193
94 141
99 189
79 152
20 79
79 149
23 79
87 189
55 138
19 99
29 118
166 181
181 194
41 185
9 185
83 145
75 83
83 180
20 104
81 166
87 166
20 128
20 195
7 29
97 141
36 102
102 108
17 102
137 163
95 132
52 126
35 52
52 170
130 156
13 164
86 164
77 142
14 183
41 77
77 176
42 48
42 53
23 96
24 121
23 89
52 128
5 128
5 148
5 104
92 146
92 149
53 194
2 145
2 100
139 194
8 138
116 194
121 145
130 145
64 145
55 145
64 152
153 194
76 129
76 143
17 175
177 187
139 187
46 187
93 187
18 50
139 196
79 141
141 163
85 171
119 171
62 171
173 196
87 196
109 148
9 134
62 140
6 197
51 99
90 139
33 62
88 195
76 88
62 71
21 167
59 167
12 183
93 102
102 154
20 102
102 155
29 59
29 99
45 51
13 156
40 156
174 184
145 184
120 153
120 175
120 126
82 120
79 114
156 182
6 116
77 127
101 127
44 169
51 82
51 175
83 162
102 123
138 187
51 124
10 44
169 174
22 133
28 55
9 145
69 181
46 152
181 189
9 119
144 181
1 145
1 160
75 180
85 104
45 60
104 169
104 158
151 177
85 94
8 180
84 180
118 156
34 52
9 160
78 190
110 195
59 155
35 195
144 170
60 170
113 151
67 113
124 128
164 177
113 198
80 198
91 153
77 198
157 198
169 170
82 169
89 118
46 153
12 153
133 159
89 147
19 139
89 104
64 104
24 175
24 192
2 97
19 55
50 76
75 176
94 163
127 136
30 79
97 194
63 98
77 98
5 10
136 156
84 156
13 84
120 194
3 175
60 196
42 174
51 112
110 174
148 174
87 173
14 179
48 152
17 75
50 135
26 27
154 157
61 157
40 44
25 97
71 82
75 167
12 35
53 95
80 159
93 121
11 106
67 169
140 146
61 152
139 155
63 155
57 155
57 118
57 62
57 67
57 104
80 155
59 170
110 143
10 96
143 191
28 63
33 168
46 119
39 78
46 146
40 46
46 134
46 174
139 144
24 97
106 160
5 106
70 165
16 139
136 139
39 89
89 190
34 64
177 197
118 143
39 152
86 156
12 134
72 134
89 150
57 112
112 196
128 191
93 161
125 161
44 161
35 189
40 133
6 109
66 159
88 101
4 136
67 123
110 157
11 79
43 180
171 199
130 186
142 193
64 82
16 78
18 151
23 193
153 193
93 118
45 56
96 143
90 184
64 155
134 146
26 121
26 175
6 10
7 196
23 140
33 135
166 192
66 105
6 78
87 187
21 36
36 190
150 199
142 150
27 144
75 182
30 112
39 144
45 126
132 171
126 127
142 144
11 98
36 145
33 64
49 85
5 115
135 144
170 179
94 99
44 142
147 189
15 67
18 166
18 75
133 156
17 32
91 150
119 176
4 132
18 66
66 181
132 147
178 196
137 140
38 123
119 174
130 143
33 90
100 106
135 163
182 191
138 189
23 163
22 79
5 117
124 172
113 143
143 190
160 199
127 134
45 148
53 157
22 122
107 192
89 164
51 55
149 168
144 147
33 154
138 173
26 47
13 82
193 194
63 113
114 193
20 100
115 136
111 114
45 182
30 66
40 83
83 143
155 190
100 179
11 139
68 200
94 131
100 197
88 175
4 197
35 124
123 160
110 118
91 142
65 95
78 163
4 11
40 194
117 129
12 55
122 143
36 121
56 146
56 99
81 128
10 111
129 194
155 163
30 98
75 194
103 119
122 186
37 115
40 55
38 80
138 163
156 163
17 162
88 185
73 162
16 126
40 75
49 180
182 197
18 72
72 165
82 183
102 115
29 135
9 59
38 46
80 191
32 140
33 200
139 159
48 159
23 141
46 73
127 182
136 162
123 162
108 147
106 157
14 104
141 168
15 127
88 180
103 143
1 65
6 43
85 96
2 111
61 161
93 197
122 155
56 171
81 145
36 50
90 171
47 179
88 108
91 109
148 157
9 189
104 119
6 121
10 127
1 192
14 126
23 200
86 123
86 188
34 166
84 191
19 36
80 195
195 200
81 156
4 108
9 81
14 113
34 58
1 169
72 156
6 31
12 60
16 132
86 181
21 80
79 198
78 151
78 132
50 196
1 84
47 125
76 159
26 69
69 199
68 113
72 77
151 175
12 72
45 78
66 158
22 168
79 176
161 187
1 166
44 138
144 177
40 186
169 200
15 30
3 80
14 137
110 113
188 192
53 148
16 140
28 97
174 183
6 181
68 83
48 54
108 188
17 189
6 61
105 193
4 200
43 163
156 191
41 199
39 183
83 99
5 153
30 131
13 146
152 175
116 145
53 73
29 162
30 129
24 92
49 57
74 101
29 102
27 134
40 188
10 25
150 161
25 35
173 190
98 185
56 110
8 101
23 150
18 164
106 194
21 82
111 145
41 171
19 149
59 149
5 113
17 149
124 147
87 194
14 50
60 78
47 73
13 55
11 179
37 118
59 113
27 124
160 174
5 101
141 200
129 165
63 71
82 100
50 52
62 172
32 85
111 172
31 128
43 190
132 178
81 86
50 138
77 130
102 137
104 130
137 168
39 199
130 159
28 89
111 171
85 195
127 172
28 37
11 164
165 183
24 32
136 195
25 34
77 133
128 162
69 164
151 160
165 189
68 162
95 104
64 178
90 175
6 54
90 178
66 121
9 45
8 23
113 148
155 194
60 173
64 158
73 92
137 198
65 116
152 192
100 188
78 104
2 192
35 154
197 198
150 155
14 36
83 149
29 54
20 185
42 77
67 145
68 171
4 127
128 180
31 125
46 137
106 167
89 102
70 144
173 184
4 145
95 106
47 67
5 130
72 86
173 198
5 42
78 158
51 178
8 58
60 184
9 130
24 165
11 26
57 74
148 182
66 124
147 155
34 167
61 66
111 146
183 190
115 161
66 195
42 195
8 193
44 128
