200 1093
1 2
3 4
5 6
5 7
8 9
10 11
10 12
13 14
13 15
13 16
17 18
19 20
19 21
22 23
24 25
17 26
27 28
27 29
27 30
31 32
21 33
34 35
36 37
36 38
39 40
41 42
5 43
44 45
46 47
48 49
48 50
25 51
52 53
54 55
28 56
56 57
58 59
58 60
53 61
62 63
11 64
65 66
65 67
65 68
63 69
42 70
70 71
72 73
72 74
40 75
76 77
18 78
55 79
1 80
80 81
17 82
17 57
30 83
30 84
17 85
64 86
38 64
87 88
2 87
87 89
90 91
92 93
90 94
27 95
71 96
20 97
16 51
42 98
45 99
99 100
84 99
99 101
55 102
45 55
32 103
28 103
61 104
105 106
68 88
66 88
49 88
11 107
4 31
4 29
108 109
110 111
33 106
4 112
25 88
18 113
65 103
70 114
2 110
87 110
50 115
50 116
50 117
25 29
29 80
57 112
94 118
12 98
52 119
52 113
52 120
47 52
12 100
20 100
31 100
68 78
82 121
61 122
122 123
90 124
31 125
99 126
21 122
21 50
11 21
20 21
102 127
72 127
24 128
24 123
61 129
61 130
7 89
46 131
84 132
58 133
113 116
47 79
86 91
35 127
69 95
59 134
16 25
32 43
100 135
115 136
14 17
59 85
49 137
125 138
58 73
8 71
130 139
140 141
140 142
77 140
62 100
62 143
83 144
2 144
144 145
7 146
43 119
22 79
146 147
71 147
68 139
13 139
75 148
60 149
49 149
34 149
117 138
143 150
22 122
32 74
32 104
57 151
20 151
44 86
48 109
36 152
16 31
16 143
16 133
132 143
6 132
106 124
106 108
106 147
32 88
141 153
153 154
129 155
56 145
94 140
102 142
41 102
102 147
62 156
8 63
14 63
31 63
85 140
65 79
45 79
157 158
9 159
66 142
62 80
6 147
121 147
63 147
48 128
91 128
2 128
115 160
158 161
21 104
49 162
104 163
35 104
102 164
19 138
102 145
15 111
59 95
59 132
121 165
30 53
53 67
36 127
68 166
4 30
13 167
106 167
143 167
73 159
84 168
84 140
159 169
63 113
65 170
35 143
66 77
47 77
154 171
130 172
132 166
37 172
97 172
67 159
49 159
135 159
67 141
7 141
34 130
91 173
26 79
4 174
147 174
67 175
51 86
163 176
37 102
65 175
89 175
26 98
98 109
67 177
59 178
178 179
89 123
72 89
27 146
89 180
89 105
112 163
12 133
37 130
11 160
42 141
42 53
111 181
28 158
68 181
104 115
1 57
1 31
33 37
48 60
28 60
146 151
37 139
96 146
20 182
181 182
67 182
73 128
30 67
65 183
151 184
16 149
35 154
7 26
26 112
26 132
120 130
120 129
126 149
48 149
49 180
36 180
153 180
146 153
40 104
115 164
76 151
25 70
18 55
26 49
114 164
3 164
59 175
63 175
62 175
39 75
20 79
20 61
91 171
3 171
124 171
32 171
39 173
44 185
5 100
44 186
31 186
83 135
141 146
108 113
25 187
59 133
97 133
17 107
94 167
47 188
83 119
1 49
107 109
19 158
9 17
62 165
158 189
10 157
106 186
91 183
93 123
2 58
46 123
186 190
58 130
111 121
111 145
123 136
60 136
122 166
7 142
62 142
68 91
68 98
122 188
55 66
66 120
165 179
142 179
101 191
73 129
41 192
124 192
133 193
165 193
120 193
1 193
8 193
86 191
77 86
26 191
73 191
126 194
40 126
50 160
50 165
7 165
3 165
118 165
107 179
66 84
66 117
160 188
68 195
19 142
58 142
68 142
69 122
122 185
122 135
122 184
55 143
104 196
121 156
58 67
58 150
14 197
21 189
74 189
66 189
167 189
82 186
107 186
55 186
23 74
109 123
8 123
123 198
2 178
2 173
2 55
2 199
91 191
91 124
57 91
18 186
122 186
78 195
56 195
55 157
32 157
157 164
55 67
67 105
97 158
9 35
2 9
62 104
62 138
9 119
52 62
45 62
9 188
123 158
48 198
23 198
8 109
50 109
76 88
49 181
49 103
49 95
83 162
7 83
78 83
23 79
23 156
23 124
23 57
129 133
82 94
107 195
86 94
43 133
133 179
126 187
133 180
21 133
23 49
73 141
102 141
13 81
173 176
44 173
31 50
20 117
151 171
138 171
162 171
20 191
159 175
112 164
18 65
18 158
49 84
25 83
9 143
10 143
143 192
76 125
37 76
34 164
38 41
41 180
40 57
149 190
97 180
25 180
101 180
8 149
149 154
62 149
8 199
71 199
25 120
2 120
89 199
6 64
139 197
130 145
75 145
60 145
80 182
102 151
151 172
154 166
82 154
30 149
35 183
119 183
121 183
84 154
59 182
26 37
149 151
53 113
60 64
113 192
17 93
100 113
6 198
141 147
1 106
1 55
138 181
42 179
125 156
17 156
72 181
12 28
181 190
41 116
11 84
41 123
180 194
40 194
75 104
16 130
31 194
12 144
159 199
20 43
65 148
45 88
15 45
146 183
64 146
46 146
127 146
89 140
27 89
135 144
50 148
141 198
124 177
69 198
149 158
18 98
2 175
37 142
29 176
135 142
67 187
63 87
133 163
138 174
79 162
173 199
60 158
125 194
144 194
10 118
118 199
70 159
127 132
1 172
47 165
92 167
44 77
41 77
154 197
70 154
58 143
40 58
101 170
143 196
28 179
161 169
28 150
143 185
134 146
34 172
34 132
64 158
58 158
45 166
125 166
53 196
36 193
53 165
53 98
146 152
7 29
133 166
135 198
34 71
59 69
111 171
111 153
10 111
94 102
100 102
3 40
79 82
101 195
63 184
81 175
68 93
123 162
56 196
125 197
101 185
7 62
6 56
136 155
3 128
86 128
164 190
109 147
55 118
15 40
73 185
169 189
31 132
13 108
108 144
138 157
39 48
71 103
10 63
156 166
57 77
74 176
102 111
102 169
40 87
134 194
34 98
26 195
53 56
56 144
87 152
148 176
50 133
150 153
153 170
102 132
109 134
14 83
28 54
16 109
34 123
106 162
63 106
97 199
122 187
39 152
16 144
31 41
13 177
31 152
44 48
60 82
161 176
39 161
28 44
20 166
20 41
45 174
9 40
11 22
51 57
15 32
35 77
22 152
78 189
6 59
34 60
82 117
117 152
79 117
84 106
149 193
50 132
155 172
89 139
88 139
103 182
31 103
30 194
20 143
147 198
169 191
22 173
161 184
77 184
10 165
64 188
43 156
14 94
2 14
189 197
164 189
97 189
17 126
67 136
49 199
9 199
38 144
65 174
82 176
93 160
26 127
73 187
13 115
144 161
159 168
12 138
6 46
51 59
118 137
137 170
7 179
37 86
40 62
8 68
14 86
51 121
164 172
43 132
1 187
83 183
68 85
119 133
25 114
22 148
134 174
39 98
116 153
107 150
36 101
143 173
115 127
33 198
47 169
54 172
115 190
52 169
110 150
38 50
24 198
88 198
42 126
30 130
30 128
163 181
77 143
143 190
6 21
71 152
24 183
24 102
31 94
53 171
18 127
70 78
21 171
21 175
10 99
120 125
131 184
7 124
44 116
1 79
8 98
126 166
64 138
101 184
79 196
50 151
112 183
134 162
107 161
11 152
63 173
127 161
69 153
35 139
63 188
60 168
145 182
55 106
130 164
162 181
34 184
152 177
55 187
119 187
26 84
36 107
43 73
58 103
60 103
54 186
54 150
32 131
116 187
126 191
37 112
14 50
14 91
57 71
29 178
71 130
69 158
20 59
87 113
80 169
136 159
79 110
91 103
57 113
55 88
112 149
33 190
33 50
139 183
72 114
108 168
61 150
117 136
67 103
65 131
12 131
46 167
161 178
73 176
43 98
38 104
28 142
88 119
17 179
98 135
105 145
99 155
56 80
118 128
55 172
60 116
8 143
13 99
26 86
21 73
11 179
51 135
181 195
33 155
29 103
95 116
101 117
90 133
87 90
132 155
87 151
10 44
45 85
18 30
80 163
23 55
116 127
90 190
147 151
34 112
84 192
75 150
74 165
74 167
116 137
84 171
142 146
55 134
11 144
5 69
12 43
40 137
26 123
65 102
106 139
105 161
21 27
133 170
83 128
56 183
39 99
64 157
35 100
62 102
128 144
58 63
131 180
128 138
157 186
14 158
38 51
12 148
7 126
39 191
44 199
46 163
109 129
43 118
46 192
92 181
57 177
15 68
49 192
70 84
14 24
54 96
44 96
33 127
51 184
169 181
132 160
47 103
46 190
27 94
44 74
124 193
18 160
114 176
26 198
5 132
44 136
82 188
133 172
39 79
62 170
72 166
2 43
62 70
34 63
16 138
36 50
125 139
52 194
10 198
24 31
10 31
47 172
37 75
79 97
27 145
17 39
63 120
22 48
19 67
2 17
13 82
22 174
10 36
75 125
31 81
5 55
3 29
1 103
93 146
3 125
77 170
5 124
17 140
26 118
146 169
44 93
3 42
9 58
95 173
118 143
75 151
11 175
12 99
50 103
39 160
117 165
15 195
4 159
25 49
59 126
125 177
11 30
75 133
40 99
51 129
91 106
133 146
140 161
8 12
20 103
151 167
76 180
86 123
8 159
99 129
99 200
44 142
150 194
81 157
108 138
37 156
92 139
37 61
67 170
67 78
103 121
28 113
121 177
97 106
114 126
91 182
12 29
118 162
45 104
67 133
41 73
126 155
163 178
22 199
39 47
6 20
157 187
1 191
89 176
72 184
6 23
62 126
105 120
45 95
128 163
8 176
1 21
51 98
16 41
9 73
52 97
27 195
43 147
151 179
6 163
59 154
67 155
16 45
41 101
73 197
14 97
57 179
62 179
33 101
125 182
54 114
136 193
78 94
55 109
31 114
18 105
144 150
48 117
128 164
