200 1020
1 2
3 4
3 5
6 7
8 9
10 11
12 13
14 15
14 16
14 17
14 18
19 20
21 22
23 24
25 26
25 27
28 29
30 31
32 33
32 34
19 35
4 26
4 36
36 37
37 38
39 40
4 41
42 43
2 44
11 45
11 46
6 38
47 48
38 47
50 51
50 52
29 53
54 55
54 56
51 57
57 58
44 59
60 61
60 62
63 64
65 66
37 67
46 67
17 66
62 66
68 69
35 70
71 72
71 73
74 75
60 76
60 77
60 78
15 61
10 79
10 80
10 81
82 83
84 85
86 87
51 72
88 89
71 90
71 91
49 92
34 93
41 77
41 48
41 94
11 87
95 96
85 97
85 98
98 99
33 100
69 101
87 102
31 70
70 103
28 104
18 105
42 105
102 106
75 106
9 101
61 91
61 76
21 91
107 108
107 109
110 111
13 112
93 112
25 112
72 113
9 46
37 62
96 114
115 116
72 117
72 100
72 118
119 120
48 54
120 121
15 37
29 83
122 123
73 75
124 125
35 105
126 127
122 126
128 129
38 70
116 130
96 131
132 133
132 134
29 96
29 68
60 135
136 137
7 93
69 93
22 138
11 22
22 32
15 121
77 121
131 139
140 141
69 140
133 139
48 79
59 63
141 142
61 143
103 144
100 145
36 144
7 36
36 51
110 146
110 147
4 79
63 148
145 148
71 148
36 121
51 91
144 149
83 149
8 150
151 152
97 153
32 154
22 154
54 154
7 154
155 156
46 157
29 46
55 113
70 113
45 158
45 159
69 133
76 133
76 160
95 147
108 161
108 116
64 92
7 162
81 142
79 162
47 87
66 87
50 124
64 124
90 163
76 106
27 68
75 79
112 145
44 97
47 97
50 119
25 31
31 130
67 163
85 135
70 85
62 91
12 99
137 164
17 68
143 165
119 143
32 123
47 81
46 83
83 115
60 83
87 155
52 74
5 118
37 166
52 166
13 24
117 123
16 167
34 167
129 145
36 82
168 169
19 45
134 170
69 171
114 115
15 81
81 113
7 172
7 62
7 16
54 173
66 173
70 173
66 165
66 131
20 27
5 81
84 98
134 166
38 174
25 37
37 75
158 175
47 175
63 168
155 176
25 92
35 144
2 35
80 177
124 135
89 92
97 141
127 178
1 77
27 176
55 152
111 163
69 142
76 149
15 101
37 118
101 179
99 118
18 118
155 180
58 180
152 180
113 124
4 113
13 74
40 59
54 176
25 176
2 22
113 163
104 163
44 155
22 117
84 86
84 109
106 112
104 142
62 104
13 76
2 139
123 136
137 151
111 130
2 129
67 129
60 167
32 136
24 56
123 139
64 134
18 36
17 104
178 181
123 182
182 183
7 51
22 165
38 44
94 184
134 155
130 134
134 145
19 130
153 158
172 182
30 164
21 175
38 79
143 174
40 144
40 157
40 92
1 94
94 134
55 94
158 163
101 164
61 69
69 110
52 109
26 101
26 139
26 74
12 26
60 159
31 159
29 159
86 156
163 185
125 156
85 156
159 174
159 186
134 159
26 187
25 48
35 48
26 143
1 26
26 141
26 60
109 132
109 136
109 135
5 69
42 101
136 158
158 181
41 158
24 101
101 183
125 138
125 188
32 94
94 146
94 135
45 189
45 175
38 161
105 161
50 161
35 115
3 40
6 40
2 24
29 174
112 174
30 184
12 190
104 190
84 190
94 190
184 190
152 190
2 172
150 172
81 172
21 172
33 146
146 177
18 33
105 134
37 134
91 137
148 153
12 134
19 186
64 81
61 134
59 134
43 49
170 181
32 181
165 181
18 51
51 123
51 145
149 182
77 168
104 106
139 142
18 37
18 191
91 139
136 176
158 192
99 192
89 167
93 193
6 130
129 148
130 158
129 194
96 151
184 195
136 152
25 139
116 118
116 164
70 104
46 100
106 137
84 157
84 161
106 143
35 92
49 151
33 49
176 188
17 51
51 90
120 155
108 166
112 155
34 134
34 156
47 163
126 163
20 163
34 84
59 164
74 122
74 160
74 136
74 135
84 177
100 195
179 186
5 126
99 126
113 144
28 111
28 175
15 170
34 159
27 34
27 180
5 149
149 186
97 144
111 133
100 196
110 142
108 142
75 197
1 197
13 27
77 132
103 178
74 141
43 141
43 67
107 123
11 107
3 162
123 138
107 113
17 188
87 118
145 184
70 90
120 162
120 159
120 161
119 184
18 42
38 80
38 77
5 80
2 146
35 52
35 136
29 35
35 65
35 134
34 136
78 133
25 134
126 176
26 168
122 189
58 127
49 165
9 165
8 148
37 85
7 77
29 194
115 176
174 193
16 183
16 110
15 180
70 114
11 56
117 158
117 189
51 150
101 166
166 175
142 150
84 112
2 27
93 165
165 193
6 118
5 152
101 173
137 152
146 196
136 160
69 115
76 170
75 170
45 66
36 168
8 168
95 152
18 95
41 125
19 83
145 167
141 167
74 127
24 96
15 186
5 181
152 167
6 152
79 87
109 118
37 111
83 143
83 129
77 116
127 153
47 129
123 174
49 143
64 186
71 186
94 186
144 145
79 91
4 33
3 49
3 12
3 50
67 93
3 67
33 104
67 108
50 101
95 108
3 32
71 135
49 184
23 97
49 149
74 184
25 145
145 155
58 104
58 110
10 68
3 79
79 115
50 68
53 76
7 30
89 131
35 93
20 130
170 188
15 34
46 167
144 158
66 196
124 181
83 106
9 160
124 151
79 139
25 107
30 36
117 119
25 75
81 130
23 75
13 164
23 92
20 184
10 78
2 8
116 160
105 135
50 133
103 112
124 133
133 184
138 166
119 198
145 182
68 110
37 46
81 154
154 155
27 195
50 183
30 153
31 55
35 177
5 151
12 118
118 132
5 157
43 185
79 187
11 93
10 93
91 111
44 160
75 198
6 45
144 198
87 122
87 88
130 155
64 155
64 196
25 88
110 132
124 158
36 59
101 126
98 174
31 112
127 188
13 61
111 117
138 176
59 133
48 85
134 139
131 150
63 68
92 157
93 102
40 106
44 91
37 131
27 186
119 199
28 191
161 192
136 198
91 136
139 154
14 123
149 166
29 32
15 134
134 172
34 121
22 131
59 69
111 171
45 113
73 116
57 136
22 73
38 143
119 182
115 156
126 143
75 81
127 128
112 176
107 150
150 188
10 124
93 194
20 116
12 128
59 91
19 106
115 162
31 133
130 133
128 150
17 183
23 168
13 101
102 105
24 194
94 103
79 121
9 172
100 169
119 155
157 198
72 142
119 145
43 119
51 112
80 170
162 187
77 187
9 47
72 164
163 189
53 117
107 120
46 103
42 185
5 107
48 74
97 110
91 177
15 20
102 108
28 196
133 172
32 144
1 31
143 197
61 106
90 105
114 132
70 93
37 53
71 87
41 69
65 98
45 173
62 160
75 109
97 179
98 135
23 39
3 107
44 56
106 176
7 76
93 163
3 141
26 161
32 78
77 144
49 110
5 102
64 116
118 188
25 156
23 184
45 47
41 46
44 164
125 171
42 144
144 172
134 195
68 193
146 193
144 195
62 192
172 174
15 98
56 88
51 161
12 169
152 168
50 86
89 105
98 122
33 143
84 160
10 35
23 137
61 101
46 160
48 137
71 76
65 112
114 135
28 164
70 127
36 64
32 49
52 158
51 85
66 132
4 29
148 192
35 131
65 175
33 80
63 75
60 145
154 179
44 71
42 59
163 195
107 200
7 52
54 187
70 190
188 195
53 177
88 116
61 100
40 102
47 77
149 152
11 36
140 142
136 154
113 122
144 169
113 165
34 41
26 182
85 147
65 140
37 86
39 79
4 12
40 98
4 198
92 171
19 127
12 142
60 200
21 163
82 200
30 181
42 139
5 52
25 174
40 91
7 155
172 179
88 143
23 128
47 146
13 122
105 181
55 88
62 97
7 134
53 193
82 111
9 178
14 172
12 191
56 101
62 116
89 128
190 194
8 79
185 188
10 177
71 114
100 191
6 149
24 152
134 184
1 83
96 179
65 109
82 99
24 85
45 179
21 190
7 31
144 162
98 139
150 151
2 166
40 167
40 51
89 165
82 119
16 102
51 62
69 149
5 108
98 130
18 121
52 161
45 157
103 134
14 89
79 89
29 95
71 141
65 163
93 156
128 192
42 183
88 141
22 151
1 59
160 173
82 115
129 151
79 144
32 190
20 104
154 167
56 104
45 165
18 38
50 197
30 114
8 87
59 62
87 171
33 194
35 100
111 141
33 87
153 174
106 170
49 100
34 68
29 108
91 184
14 67
22 197
35 47
123 169
2 191
17 58
72 152
51 146
166 192
52 72
122 149
55 115
30 188
81 178
74 152
31 114
130 163
29 43
90 96
45 143
33 55
173 181
63 176
16 128
2 182
1 88
4 91
70 72
47 67
72 185
108 115
131 176
1 145
149 187
44 190
14 38
90 116
154 171
78 181
15 145
56 197
33 79
7 12
147 150
29 182
102 136
12 103
156 185
16 177
21 198
22 102
4 146
103 116
156 191
36 132
92 176
168 186
38 182
132 148
64 199
133 199
11 199
151 199
66 199
57 199
