200 1078
1 2
2 3
4 5
4 6
4 7
5 8
9 10
11 12
11 13
14 15
16 17
16 18
19 20
19 21
22 23
22 24
5 25
26 27
26 28
29 30
3 31
23 31
16 32
33 34
3 32
4 35
1 36
37 38
39 40
41 42
17 43
27 44
45 46
47 48
42 49
19 50
50 51
50 52
53 54
23 30
30 55
56 57
53 58
42 59
23 42
10 60
10 61
10 62
10 63
64 65
17 66
17 46
40 67
68 69
31 63
20 70
70 71
38 70
72 73
5 72
29 74
30 63
62 75
62 76
77 78
46 57
79 80
79 81
6 28
46 82
75 83
59 84
23 84
84 85
65 84
74 86
59 70
87 88
75 87
87 89
90 91
16 92
93 94
95 96
68 70
5 97
97 98
65 97
67 99
1 79
5 41
33 100
61 101
65 100
65 96
8 88
8 102
47 103
27 99
18 104
102 104
104 105
59 106
13 106
44 78
80 107
70 108
109 110
73 111
112 113
93 112
2 40
2 18
46 114
31 46
39 45
4 115
20 116
2 44
11 53
13 66
58 117
117 118
119 120
18 119
52 115
69 121
67 122
44 100
67 123
101 120
62 74
124 125
126 127
40 83
15 110
123 128
128 129
112 120
70 130
131 132
99 131
46 133
1 134
44 135
117 136
137 138
139 140
137 141
134 142
116 134
18 74
18 143
5 127
75 144
60 75
52 75
23 77
18 75
75 140
21 145
22 113
118 146
57 147
120 148
111 149
48 74
28 48
114 150
55 151
34 45
136 152
78 119
105 119
24 98
153 154
137 155
91 142
44 54
18 30
113 125
146 156
75 156
70 114
38 79
23 113
37 128
44 90
94 157
59 88
158 159
145 147
43 127
57 59
28 57
12 36
36 147
38 158
67 71
67 160
22 34
23 94
39 70
32 39
70 157
47 161
124 149
122 162
132 162
64 162
45 163
120 164
125 164
37 92
137 165
72 80
37 166
155 167
51 155
140 155
103 130
28 130
6 140
106 111
100 143
143 152
7 106
58 94
58 60
69 96
140 152
136 139
17 168
71 168
44 51
37 118
76 96
5 76
28 110
110 125
60 110
85 164
63 164
110 117
25 110
135 140
46 169
24 60
53 60
36 100
36 118
36 129
51 140
42 70
42 62
36 55
42 55
28 79
40 114
28 146
167 170
26 171
76 172
76 173
69 154
111 127
69 115
69 95
44 124
53 89
170 174
115 170
18 66
6 92
36 73
15 175
14 175
11 17
17 176
158 177
100 178
76 115
15 137
68 150
36 96
67 166
102 105
59 179
91 179
2 179
179 180
38 181
27 91
41 182
63 141
51 102
40 98
44 169
20 108
32 71
61 71
60 178
81 107
55 94
94 98
98 183
98 111
98 178
63 184
85 103
11 85
22 121
121 170
63 86
86 140
154 178
40 154
80 113
107 176
162 176
64 140
181 185
88 185
15 185
5 120
151 163
93 126
105 122
122 142
92 122
66 127
66 149
48 186
66 125
38 71
81 181
69 176
7 20
179 187
187 188
142 187
44 187
3 188
21 116
116 129
19 69
19 125
19 142
13 98
125 188
37 52
52 178
27 52
20 187
7 138
80 189
21 80
14 94
14 79
36 58
115 181
23 176
28 51
78 137
5 175
5 170
137 180
163 180
136 190
59 190
49 175
23 182
55 182
111 191
28 95
44 132
116 132
63 192
45 63
36 124
163 173
154 173
138 173
100 193
132 193
50 71
136 194
79 138
138 151
138 185
68 138
145 193
43 193
6 165
74 165
22 165
129 165
45 165
35 165
165 183
31 193
105 193
130 193
86 173
14 173
25 173
114 124
114 157
76 157
63 109
63 161
129 132
28 132
132 142
132 153
95 167
15 95
21 162
31 153
103 117
180 190
49 182
93 182
49 191
49 89
49 123
32 190
109 190
151 180
133 180
57 180
44 180
35 107
98 180
84 175
26 175
4 175
103 176
78 142
74 78
59 103
103 193
37 103
23 145
99 119
95 127
53 127
44 127
23 98
23 159
79 115
115 153
58 164
9 77
51 93
1 51
17 138
17 195
91 105
10 105
7 98
7 150
11 154
19 188
45 114
114 195
69 188
52 154
25 188
165 188
162 188
60 85
19 177
19 105
19 166
27 116
12 181
7 131
7 169
7 33
72 160
106 160
6 160
160 184
80 168
29 34
115 176
127 154
154 168
71 76
149 154
118 176
54 66
65 86
11 65
65 99
66 196
167 195
110 187
70 120
83 139
82 139
110 194
89 195
64 138
120 185
150 195
130 197
46 197
62 65
80 129
120 162
27 51
51 73
64 127
103 191
29 149
80 86
86 164
113 121
43 170
43 57
12 105
88 184
184 189
5 184
33 56
60 98
8 98
74 94
81 168
97 178
6 187
6 116
10 80
111 122
71 111
5 85
12 169
75 169
20 27
86 98
53 185
71 102
41 58
36 40
40 106
38 48
14 27
41 136
41 62
41 192
106 141
62 141
141 192
102 140
93 185
26 88
74 157
74 152
42 153
66 166
15 109
96 137
89 166
52 153
89 112
15 197
116 168
23 162
95 129
118 182
115 118
170 178
178 198
48 158
36 178
73 184
38 175
143 175
97 175
93 116
40 96
34 125
14 166
38 104
18 70
38 73
171 178
132 158
61 137
165 170
29 170
64 96
124 130
69 155
18 111
143 154
71 154
73 171
136 170
57 146
146 168
9 199
75 114
14 104
32 43
32 52
73 90
102 116
42 131
42 105
108 187
107 140
107 131
107 152
3 60
61 169
149 169
14 80
20 110
47 110
35 110
108 110
153 162
58 105
184 195
105 184
86 104
77 118
114 118
44 143
44 128
129 168
152 168
49 132
163 191
112 184
1 191
122 153
24 140
97 200
55 127
54 96
58 200
25 136
106 112
6 143
106 187
140 153
28 157
33 184
29 33
33 86
33 155
42 65
165 175
72 200
72 181
42 82
72 92
65 125
82 137
92 200
68 92
145 178
178 191
124 146
69 85
110 188
53 92
135 149
133 186
164 175
70 146
84 109
77 152
132 139
94 169
84 172
45 198
91 163
36 163
115 130
30 162
160 186
140 157
87 157
39 173
39 109
27 90
28 94
15 183
117 183
34 99
67 194
67 139
114 147
5 122
39 82
56 99
37 61
61 129
11 55
11 158
36 194
93 128
108 190
120 135
43 95
24 43
89 183
58 154
127 158
174 183
88 186
94 161
94 126
19 44
37 110
28 37
78 89
79 118
79 88
54 114
133 156
125 129
147 196
30 199
81 142
30 101
54 101
54 132
54 150
88 146
24 50
51 82
5 137
29 126
28 63
135 161
95 136
136 140
51 60
7 172
17 199
57 199
58 111
172 176
72 151
150 177
47 188
157 177
99 200
134 196
177 184
7 118
90 121
69 156
45 146
3 44
22 147
89 147
45 177
13 113
57 73
71 75
8 77
75 198
51 91
13 141
110 139
35 183
165 180
46 172
131 178
74 129
131 188
30 119
19 35
100 121
10 129
78 123
113 166
15 148
15 18
3 141
15 108
15 198
68 77
25 168
101 126
74 142
67 199
3 139
158 176
53 101
101 171
123 141
100 140
81 153
19 54
13 126
36 70
49 121
40 115
65 112
119 190
68 107
117 122
164 187
93 169
108 130
53 194
11 47
79 107
42 77
12 87
19 172
18 80
15 111
45 103
45 80
107 159
4 107
43 181
62 105
6 83
20 112
75 195
43 80
84 156
29 177
13 170
62 143
122 187
68 153
24 53
27 69
27 187
80 82
60 135
28 33
107 181
21 86
22 41
62 109
40 131
120 132
84 135
54 144
22 75
1 59
99 163
4 17
32 98
97 151
100 129
36 151
3 187
121 152
68 148
174 191
82 116
24 36
144 166
113 185
89 186
45 122
48 142
6 45
17 24
6 77
77 168
65 87
98 174
72 119
10 59
1 40
49 125
38 86
7 105
71 94
34 68
80 145
46 48
38 50
28 170
35 79
155 199
2 47
11 57
98 148
49 52
25 144
58 62
29 127
31 40
104 125
68 162
54 74
26 135
35 90
62 71
113 127
12 58
113 129
3 159
57 126
51 148
107 148
82 136
18 190
11 121
153 190
29 164
29 188
56 182
26 30
15 79
97 116
40 123
53 91
17 53
85 184
105 108
39 192
49 63
17 200
45 194
20 23
58 142
32 161
52 101
35 167
10 17
41 178
150 196
40 109
95 113
105 148
35 37
47 180
51 53
34 83
23 106
24 159
14 185
36 159
29 58
114 172
73 157
78 85
22 181
130 200
64 170
7 66
21 149
18 89
27 47
8 107
75 181
33 90
16 131
124 136
11 149
9 121
22 102
70 96
117 155
7 73
29 105
133 165
34 197
4 54
24 186
56 122
3 57
38 122
27 33
11 124
69 175
2 142
46 60
58 156
100 155
30 157
14 66
62 163
91 156
116 136
131 165
33 156
61 68
71 160
7 61
99 126
93 190
148 183
104 142
170 176
170 189
50 83
23 163
121 178
156 193
7 117
160 171
25 80
149 178
80 81
154 176
98 128
9 16
148 185
38 194
48 134
54 63
75 97
111 175
7 130
42 185
126 185
102 131
118 122
109 112
12 197
111 150
46 47
4 48
70 98
28 151
90 119
19 86
30 122
84 126
40 161
105 107
28 53
101 178
31 99
9 148
55 186
37 199
69 125
67 154
5 49
24 161
73 115
26 139
41 161
3 121
80 176
15 188
53 95
119 146
7 35
4 200
157 190
52 147
16 93
56 181
142 192
9 98
98 172
35 158
20 92
22 123
34 85
89 130
25 187
33 163
117 181
35 123
12 152
19 79
1 10
74 124
