200 1098
1 2
3 4
5 6
7 8
9 10
11 12
13 14
13 15
1 16
17 18
19 20
21 22
23 24
23 25
26 27
28 29
30 31
32 33
34 35
36 37
27 38
39 40
41 42
43 44
45 46
47 48
49 50
27 51
41 52
53 54
37 55
6 56
57 58
23 59
23 60
61 62
63 64
63 65
40 63
66 67
12 68
3 68
68 69
70 71
29 72
73 74
75 76
19 77
77 78
57 79
31 80
52 81
25 82
23 83
28 84
29 85
76 86
76 87
85 88
89 90
91 92
71 93
26 94
56 95
58 96
2 96
97 98
25 81
35 99
99 100
71 101
84 101
79 102
42 84
103 104
103 105
100 103
106 107
106 108
11 109
110 111
5 80
112 113
34 71
101 114
9 115
31 116
35 117
118 119
72 120
120 121
60 117
117 122
117 123
81 99
4 124
117 125
24 126
25 98
25 110
4 127
68 128
79 125
51 70
57 116
67 129
56 88
47 88
12 130
33 37
71 118
55 106
32 104
122 131
56 131
39 132
8 133
134 135
58 131
118 136
60 71
137 138
116 139
102 139
25 42
30 42
42 75
71 140
38 141
18 141
7 142
22 39
47 89
14 64
31 143
92 144
20 84
57 134
130 145
55 68
55 122
43 121
108 146
68 80
19 134
102 147
52 147
45 148
31 57
31 79
51 121
122 149
83 150
151 152
21 81
21 153
21 45
107 154
155 156
81 136
46 157
139 158
127 139
43 91
24 87
45 100
43 85
43 150
43 56
34 43
43 112
91 105
16 76
76 83
59 76
159 160
112 132
58 161
58 136
140 162
24 98
28 132
50 163
12 145
20 164
20 165
20 90
122 135
65 98
65 138
166 167
76 168
76 138
14 62
41 62
156 169
157 170
33 90
33 170
29 44
104 134
22 134
69 143
55 69
162 171
172 173
10 65
12 85
114 141
165 174
153 172
129 172
48 92
31 92
37 38
10 90
41 159
41 91
10 15
73 175
135 142
169 176
18 98
20 44
177 178
8 74
16 100
86 121
60 135
110 179
179 180
105 135
120 153
3 50
11 140
28 181
123 182
15 86
142 158
71 113
51 71
87 161
64 175
152 183
15 65
140 144
140 184
65 140
123 140
90 137
83 170
3 46
53 129
64 115
147 148
147 185
65 147
158 181
40 127
12 156
15 19
72 84
83 163
94 163
37 77
6 100
56 78
18 47
130 183
19 97
22 38
38 146
62 178
81 178
147 178
26 178
102 119
46 57
28 46
104 164
49 65
49 112
28 123
150 156
136 175
40 149
54 88
54 119
22 54
145 186
53 98
17 53
53 69
39 53
60 122
94 169
67 134
87 102
64 98
60 64
20 37
37 107
53 130
53 122
37 167
54 167
124 170
83 157
180 187
150 157
111 150
150 175
35 153
35 134
22 166
98 157
143 157
5 157
157 185
118 157
65 102
113 157
142 180
106 142
46 176
26 188
98 188
56 142
35 105
105 150
105 170
65 105
78 119
5 119
28 144
119 130
10 99
16 50
50 52
36 60
36 145
30 170
72 160
26 130
91 130
20 111
83 111
111 167
111 152
22 189
65 114
48 162
33 177
8 107
66 147
66 122
66 71
47 56
86 94
92 107
55 190
98 159
45 98
18 19
18 142
16 18
18 65
18 84
18 153
18 58
53 61
61 170
31 120
18 139
98 120
72 190
86 180
86 184
66 191
62 66
33 56
53 56
10 86
160 177
22 177
5 182
166 182
156 182
182 189
57 162
74 122
113 158
70 90
17 189
17 192
111 160
111 177
111 149
31 111
90 111
75 130
43 72
72 131
47 72
71 122
71 92
19 170
38 170
11 106
9 170
170 187
138 168
36 97
36 158
50 76
36 41
36 143
115 157
108 115
14 119
105 163
136 173
72 173
136 188
124 142
78 142
19 142
164 184
100 184
41 157
110 157
2 65
40 179
93 187
24 116
35 51
130 166
150 193
113 150
83 112
49 83
62 194
59 127
124 131
29 194
94 173
64 67
53 64
67 176
71 195
59 185
59 132
168 195
67 71
55 102
94 126
156 172
94 133
94 113
94 119
60 129
42 53
45 194
112 173
6 78
186 188
20 186
153 196
54 140
54 102
144 186
83 101
68 127
40 143
37 136
40 80
100 150
34 166
129 166
123 195
19 84
104 180
1 49
49 75
104 181
46 55
40 41
11 129
38 58
40 164
96 99
40 99
36 79
38 102
32 110
32 72
32 70
38 173
38 60
11 170
115 183
78 108
47 99
47 148
78 191
78 183
32 183
2 143
2 145
161 192
3 73
161 197
86 100
24 77
2 71
163 192
91 179
84 142
1 180
19 177
19 128
55 130
122 156
116 156
80 95
25 80
127 152
71 104
101 104
101 147
188 192
79 154
139 189
49 93
83 152
90 164
67 90
90 175
71 127
35 127
116 185
16 195
16 122
15 123
78 99
63 191
104 118
175 198
71 81
127 154
179 199
96 158
49 80
51 83
80 115
15 96
74 102
102 181
119 181
1 109
3 72
79 133
73 177
110 136
136 183
160 196
65 135
9 135
170 199
186 199
16 35
157 198
17 149
21 26
90 177
10 162
61 162
18 162
77 95
31 82
153 183
4 20
145 153
4 176
169 186
135 165
106 135
57 113
105 191
18 73
10 17
10 21
10 167
67 102
12 20
90 173
80 90
38 148
91 131
177 198
159 198
114 145
34 85
112 134
134 192
119 134
10 150
86 119
143 160
62 171
168 172
44 90
102 197
8 70
42 70
76 77
21 143
14 129
42 62
179 185
1 186
33 194
92 165
50 98
66 99
34 67
181 190
99 166
166 184
95 155
65 78
38 65
20 136
20 183
2 173
145 159
97 163
98 190
132 135
104 197
124 145
102 120
120 192
146 183
45 61
133 140
150 194
160 179
58 193
67 82
179 194
56 159
134 152
43 158
39 151
159 197
31 159
56 76
76 151
114 163
43 153
108 176
53 176
24 36
141 171
37 60
43 109
2 113
17 172
35 49
21 150
172 185
163 185
11 185
87 92
22 87
104 112
6 20
6 168
83 146
94 136
5 76
43 155
59 190
55 77
107 194
8 139
2 53
92 186
41 186
26 87
61 151
43 95
150 177
73 150
76 122
72 111
83 95
13 160
55 58
20 65
31 93
34 74
44 94
148 164
167 178
64 147
9 147
139 192
44 160
97 160
95 134
92 123
39 150
80 98
54 146
80 184
121 139
80 151
20 82
55 186
130 169
140 145
46 192
125 127
91 192
39 91
81 93
29 200
29 106
20 192
131 149
58 144
37 143
149 167
14 76
89 141
14 190
7 41
15 57
126 145
133 195
2 103
25 61
70 118
107 161
39 59
57 159
60 191
2 124
35 131
45 131
13 134
38 124
132 161
11 162
11 125
123 129
85 140
34 145
48 131
104 132
7 93
139 162
80 152
84 113
20 55
101 118
15 146
89 188
12 61
17 171
88 138
74 112
174 184
11 168
25 58
16 132
64 75
34 61
29 92
128 186
28 128
28 42
20 91
93 150
25 93
17 126
72 200
79 106
80 188
35 144
34 159
166 193
11 153
43 90
41 44
84 118
67 117
95 127
39 96
69 170
12 196
16 171
53 104
9 168
25 94
164 190
40 68
156 161
33 105
33 179
65 81
163 169
34 167
189 198
112 154
12 57
15 178
48 65
22 174
36 62
23 75
29 101
11 15
106 122
87 164
42 127
40 199
21 70
89 183
31 144
143 155
37 199
42 174
146 167
2 120
49 99
31 97
95 191
125 190
26 47
9 120
64 110
93 185
188 191
52 161
30 74
31 89
83 140
155 187
155 190
27 88
128 193
148 152
76 108
29 87
32 192
22 178
84 105
83 116
9 109
52 188
30 82
52 130
20 51
3 115
29 31
118 173
21 96
77 173
152 196
12 159
33 160
70 177
121 143
96 107
78 79
145 200
94 145
30 38
68 192
4 89
140 195
12 198
66 125
63 169
35 195
71 185
187 189
101 199
87 154
76 140
61 88
137 173
5 150
46 126
54 57
30 57
56 138
55 143
52 120
32 51
49 90
116 145
95 101
75 140
45 155
189 199
125 129
41 128
73 153
55 142
67 200
3 183
75 186
38 192
18 77
36 38
71 160
35 108
12 169
43 74
41 192
71 145
5 71
24 85
44 120
34 110
27 147
62 120
37 158
88 172
83 85
47 141
32 190
27 30
28 45
4 32
13 117
137 155
26 49
59 108
16 123
19 35
83 125
18 63
17 120
1 173
13 69
17 32
117 147
138 147
48 120
9 59
164 191
151 179
49 109
30 49
79 196
130 191
6 123
108 199
62 160
156 192
67 191
51 92
7 200
159 165
3 199
20 97
26 176
51 123
109 182
70 116
11 115
90 191
24 29
23 42
53 188
23 189
61 97
43 142
102 104
16 130
54 192
52 187
18 60
70 154
14 28
54 97
80 190
52 125
2 90
40 47
135 174
66 196
40 190
105 178
124 152
9 37
4 173
50 158
124 175
34 163
40 185
129 184
17 60
81 170
62 105
91 112
40 71
46 86
1 145
95 137
127 135
100 161
38 167
74 187
84 167
19 195
99 183
97 115
15 63
26 186
80 180
81 109
61 102
16 113
99 115
19 114
106 177
24 174
133 136
41 138
19 75
14 93
29 84
35 104
3 161
133 160
83 87
31 66
6 18
49 162
29 146
69 80
36 179
144 181
63 135
54 152
33 87
87 180
90 124
2 101
52 60
27 176
158 192
57 168
31 142
18 180
46 47
84 131
164 194
74 139
60 81
13 122
31 71
5 37
39 94
51 86
26 73
115 152
10 118
92 106
22 103
62 153
100 151
191 192
64 173
144 166
143 178
41 177
36 193
21 34
129 163
53 186
23 30
132 152
6 29
134 177
11 166
55 149
149 175
149 186
116 149
86 149
82 149
