200 1026
1 2
1 3
4 5
6 7
8 9
8 10
11 12
13 14
15 16
15 17
18 19
20 21
22 23
23 24
25 26
25 27
14 28
29 30
21 31
9 32
18 33
34 35
34 36
15 37
37 38
36 39
40 41
42 43
43 44
17 45
46 47
18 48
49 50
51 52
53 54
55 56
47 55
9 15
9 57
58 59
6 60
13 61
62 63
64 65
66 67
43 68
5 68
69 70
47 71
36 71
41 55
68 72
73 74
56 75
47 75
41 76
41 47
77 78
32 79
66 80
66 81
64 82
21 83
36 83
81 83
22 84
19 49
54 85
86 87
3 88
89 90
91 92
54 93
94 95
96 97
91 98
59 70
99 100
41 101
78 101
53 101
97 102
103 104
15 103
64 105
106 107
1 80
26 108
109 110
28 111
111 112
11 85
6 38
78 113
75 113
15 77
14 114
103 115
5 92
112 116
117 118
25 67
20 99
99 110
57 119
100 119
25 38
23 109
94 120
27 106
27 121
16 121
92 122
114 123
123 124
59 125
66 126
32 65
54 88
10 26
15 127
24 127
84 128
102 128
5 129
15 129
9 56
85 129
117 129
95 114
79 120
35 37
130 131
130 132
133 134
20 129
3 18
135 136
3 58
6 15
92 137
48 138
69 138
48 136
94 139
1 67
1 115
33 36
140 141
30 140
15 109
110 142
29 110
86 110
78 143
21 22
92 144
79 136
26 145
14 145
49 146
121 147
115 121
50 148
119 149
92 150
30 59
62 135
80 103
103 149
151 152
107 151
54 124
107 153
154 155
40 119
40 137
120 156
69 156
83 157
21 158
24 34
3 109
19 115
68 159
112 159
113 160
11 74
11 36
107 133
141 161
35 90
6 90
141 154
26 86
47 60
128 162
80 131
79 80
115 155
32 147
19 120
64 120
47 123
84 86
50 75
163 164
142 163
5 165
112 165
23 65
66 73
139 166
2 166
23 165
1 60
130 167
48 100
110 126
92 126
81 126
49 68
10 17
63 163
7 63
100 104
144 168
70 102
133 169
30 89
78 170
130 169
76 171
45 171
86 171
16 53
70 172
21 24
139 173
50 139
166 167
161 165
10 165
26 100
48 79
97 162
17 164
108 118
98 154
50 131
115 143
2 59
57 59
59 82
102 174
102 121
54 160
29 175
6 70
93 118
72 89
104 163
54 69
54 61
54 121
16 89
32 89
65 157
51 84
130 137
5 56
61 175
63 160
63 176
47 176
24 142
89 142
124 162
37 169
13 169
106 177
19 177
113 177
172 177
177 178
135 165
135 157
52 157
48 131
14 15
3 57
62 142
53 62
62 156
61 131
27 94
6 179
6 156
20 27
27 69
63 81
128 161
109 128
35 126
2 164
80 164
100 164
26 164
155 164
42 164
35 164
165 180
78 111
15 152
105 144
6 181
60 107
60 94
82 150
144 158
110 114
20 98
20 85
20 36
59 182
36 155
52 155
94 155
90 183
59 183
32 81
45 114
21 173
57 173
108 173
1 45
45 61
45 122
55 183
131 183
183 184
19 155
56 182
20 133
15 20
20 35
20 26
58 136
58 69
84 114
64 114
114 178
185 186
82 113
82 103
126 150
9 172
105 172
174 187
139 174
65 174
78 168
97 168
33 69
33 142
33 110
33 45
99 111
74 181
33 181
20 181
98 181
122 144
78 152
111 133
33 188
165 185
74 165
1 184
29 184
146 184
170 184
31 127
31 77
10 85
17 102
180 189
55 189
158 189
161 189
41 110
41 179
121 180
169 190
100 169
84 169
14 134
2 124
63 70
2 57
27 181
110 187
27 102
62 191
132 192
57 64
44 57
57 103
14 160
56 131
135 168
105 135
135 174
115 135
29 193
21 193
174 193
15 177
1 177
138 193
109 113
118 131
83 169
1 169
31 169
41 169
124 166
142 181
135 175
83 175
137 182
83 137
137 181
65 84
15 84
61 84
16 29
101 194
54 105
54 108
54 104
89 166
7 65
93 104
70 114
1 194
1 160
11 160
66 160
159 176
74 142
67 112
102 107
49 102
59 109
67 73
67 181
44 67
50 169
29 140
14 29
37 50
35 193
121 179
74 195
18 74
181 189
84 189
75 98
98 179
74 174
17 170
85 120
97 194
134 144
134 145
171 188
142 167
112 167
25 107
21 97
31 107
21 127
72 167
108 167
70 125
16 133
16 88
167 185
33 82
29 153
164 171
122 171
146 161
42 196
123 196
30 120
30 147
88 129
30 148
69 102
121 168
28 144
39 100
100 175
150 181
7 142
112 174
36 174
6 174
26 174
33 68
126 161
68 197
163 172
58 62
36 38
29 133
48 184
127 161
99 161
35 167
22 60
47 67
131 185
81 100
54 166
95 188
151 187
74 83
73 161
58 198
28 54
96 165
73 165
23 199
3 181
97 153
97 101
29 84
56 84
4 110
15 147
147 181
10 92
106 170
76 177
174 199
85 180
47 102
90 140
106 141
131 200
11 116
31 58
60 113
2 159
78 95
52 166
24 51
20 90
21 48
52 64
30 51
32 83
131 142
162 185
158 173
161 195
145 156
88 195
150 195
79 117
116 141
77 108
23 170
90 143
44 187
44 195
44 107
9 163
107 174
65 124
124 189
49 104
77 179
37 123
27 180
47 103
175 194
149 174
137 184
62 126
1 138
88 127
89 128
52 120
7 54
86 150
3 134
149 198
89 95
2 95
16 18
49 69
64 133
11 93
35 145
4 165
65 171
45 120
1 5
5 157
12 22
44 148
53 110
109 117
65 109
47 109
110 152
99 140
31 36
36 119
24 116
3 136
129 153
85 104
69 84
12 15
69 157
153 178
4 58
34 143
105 119
31 185
24 27
4 38
25 154
4 20
47 51
112 135
61 135
32 198
3 135
73 177
58 125
29 168
135 156
98 197
84 129
158 195
103 133
103 148
99 130
24 198
37 145
37 196
57 77
26 51
39 120
95 163
34 72
129 137
44 129
129 133
7 128
15 87
69 187
25 113
153 182
88 95
66 97
66 164
80 100
125 176
122 177
122 196
144 149
11 150
75 190
14 190
12 121
92 93
103 122
119 197
50 69
50 116
156 158
93 178
51 88
21 119
6 185
10 191
49 111
172 188
33 155
29 119
36 138
36 135
23 128
128 192
40 128
116 167
41 196
187 196
153 200
115 189
111 178
53 93
14 123
81 186
44 173
44 199
151 162
162 186
11 139
130 139
80 162
192 198
8 36
55 119
68 132
132 168
18 28
7 144
92 111
50 98
107 158
32 53
52 196
165 183
46 109
142 193
119 161
83 106
40 48
22 168
105 162
29 131
103 197
95 103
91 102
19 59
123 183
59 180
99 149
106 156
38 99
99 114
21 149
49 149
4 94
135 141
73 141
89 149
52 142
166 192
115 168
91 123
23 82
113 127
53 60
98 124
45 113
5 200
140 164
23 93
66 182
66 170
32 58
77 196
165 190
44 96
70 75
3 172
52 74
73 136
65 186
9 200
109 123
68 198
14 105
35 47
64 104
51 93
62 167
13 191
6 135
9 38
96 147
138 155
28 138
123 178
26 123
55 123
32 101
31 170
38 89
118 177
178 187
3 148
3 51
138 148
8 62
87 191
48 74
46 157
21 191
76 186
188 200
129 193
95 98
30 40
32 113
164 194
73 158
37 141
59 86
71 134
148 165
20 39
127 195
47 125
33 154
73 172
100 179
28 132
10 157
25 142
24 117
130 144
19 54
50 76
41 177
106 180
122 173
22 97
154 190
20 107
68 78
113 130
53 98
1 18
25 171
30 34
17 166
2 171
15 49
93 163
13 18
42 96
11 123
85 159
27 174
22 187
140 192
151 198
8 192
91 189
32 114
4 180
35 184
14 20
40 143
69 87
148 197
180 197
59 100
21 162
4 56
20 123
56 168
113 116
84 157
46 48
8 83
2 114
28 85
9 12
17 118
97 182
23 91
40 73
96 104
113 165
37 96
26 167
132 197
18 132
36 165
108 199
44 152
52 102
59 145
103 118
25 180
119 173
157 180
34 110
14 55
26 168
2 62
101 113
47 151
107 184
19 189
58 185
50 135
134 149
14 108
18 189
89 193
43 97
160 178
62 152
89 118
152 191
79 134
120 169
123 136
17 140
87 116
64 148
82 180
77 80
74 167
92 94
69 181
108 152
36 63
81 129
132 161
11 41
38 59
5 139
4 151
95 132
15 148
122 143
3 173
35 113
72 88
14 73
68 133
72 144
1 46
13 20
97 111
128 163
43 142
37 125
144 163
7 154
48 93
69 160
1 51
49 106
85 98
60 67
68 114
85 175
2 99
58 171
116 190
68 90
10 133
166 184
71 124
5 153
99 101
50 57
159 182
29 43
114 185
29 92
11 164
69 114
177 189
78 96
4 40
93 151
55 125
102 161
44 92
97 112
2 58
26 74
97 198
27 120
23 74
146 180
15 111
67 148
103 198
125 160
8 178
8 198
184 192
4 188
65 91
151 183
41 182
179 193
52 164
138 187
156 183
42 105
57 148
131 189
156 194
35 38
134 150
89 159
31 162
86 197
13 180
146 174
87 182
108 196
78 142
12 145
12 174
12 102
12 87
12 139
2 12
