200 1083
1 2
3 4
2 5
6 7
6 8
9 10
11 12
13 14
15 16
17 18
16 19
16 20
16 21
22 23
22 24
25 26
25 27
28 29
28 30
31 32
31 33
34 35
14 34
36 37
36 38
39 40
39 41
42 43
44 45
46 47
18 48
1 30
17 49
21 50
51 52
51 53
36 54
55 56
55 57
5 55
55 58
4 59
55 60
39 61
62 63
38 64
61 65
66 67
68 69
61 68
10 70
1 71
50 72
24 73
24 74
75 76
60 77
78 79
80 81
68 82
83 84
45 83
17 85
85 86
10 85
37 87
87 88
6 89
27 90
46 50
91 92
84 93
90 94
94 95
91 96
73 76
17 73
55 73
12 97
42 66
98 99
28 100
28 101
28 102
28 74
1 103
63 69
10 86
45 104
99 105
105 106
12 107
25 108
28 99
32 95
107 109
110 111
110 112
57 113
113 114
26 43
26 115
101 116
117 118
5 82
82 115
71 82
82 96
45 108
3 119
20 120
22 121
64 122
37 64
31 123
3 31
42 124
124 125
90 126
79 127
99 128
10 128
10 129
23 112
49 91
49 130
33 49
131 132
96 133
134 135
114 134
135 136
95 135
24 135
103 135
72 130
100 119
12 124
61 125
41 137
42 111
38 131
58 138
38 97
38 139
42 117
11 103
128 140
80 141
65 80
31 76
48 142
106 122
48 96
81 140
39 142
2 143
3 86
47 59
24 144
143 145
30 145
14 40
45 56
74 146
74 104
59 147
47 58
19 148
22 149
6 150
39 113
3 151
61 152
120 153
121 154
154 155
94 156
7 156
1 88
27 88
88 140
131 157
74 76
74 102
54 84
61 84
84 158
11 67
9 41
38 84
92 111
140 159
104 135
71 143
35 118
72 117
21 49
148 160
64 161
105 152
17 152
38 129
129 156
87 162
5 153
63 122
117 163
102 108
12 164
37 165
8 153
10 153
39 121
83 121
27 97
5 135
3 5
5 166
57 167
35 41
108 120
39 168
75 92
18 102
169 170
41 164
72 164
2 162
91 139
46 51
17 38
38 69
37 171
103 171
7 114
149 172
53 173
56 160
39 160
49 160
113 115
23 115
115 165
115 159
115 119
97 174
52 60
52 148
52 84
163 175
99 176
154 176
153 177
78 133
78 108
14 78
154 175
33 178
7 169
35 149
9 113
47 81
18 113
56 167
27 156
27 129
20 27
7 27
27 81
42 127
120 127
33 78
15 179
108 180
60 108
8 166
55 181
7 141
18 96
96 101
68 129
35 157
116 157
38 159
54 116
52 101
61 70
67 70
18 69
157 178
35 125
17 70
8 74
4 111
55 138
143 176
45 46
12 84
57 133
35 66
66 93
75 99
99 158
23 179
49 182
39 182
65 108
177 179
114 138
116 183
112 183
57 117
145 184
76 102
3 102
44 102
47 102
99 133
33 41
41 143
4 21
21 85
79 132
10 132
56 83
16 174
26 159
67 130
99 130
106 130
40 185
2 185
117 185
148 186
30 187
11 44
11 146
188 189
163 184
65 109
4 58
155 177
34 72
16 76
119 128
20 119
123 141
15 70
21 60
7 60
5 60
52 187
18 107
146 174
5 158
60 158
20 164
59 164
119 190
133 190
190 191
56 190
121 192
20 192
81 123
14 90
17 155
17 123
81 134
81 158
81 188
25 81
10 123
4 192
135 192
40 192
119 192
117 192
45 190
27 99
153 164
83 164
149 164
92 133
18 92
132 146
146 190
53 146
146 148
131 146
6 30
30 171
18 123
18 23
161 193
11 60
8 60
51 60
143 190
16 143
35 141
116 141
102 141
102 119
85 107
66 119
1 143
143 194
67 147
36 76
18 34
34 157
153 163
146 165
97 165
1 109
123 163
112 188
11 184
47 187
136 187
158 187
187 188
55 148
19 187
64 187
85 185
12 63
63 161
67 101
40 101
142 167
54 185
15 130
130 155
116 159
133 159
69 90
90 175
86 130
113 118
91 118
171 187
83 89
109 132
132 141
14 132
21 28
21 39
6 124
124 162
12 87
66 98
61 183
57 149
56 153
56 166
56 69
78 183
169 177
177 195
71 108
14 108
99 108
108 131
157 177
15 177
138 157
12 99
91 99
66 187
152 193
8 66
40 65
40 149
133 175
133 147
12 125
9 132
57 77
57 132
90 147
30 147
103 182
98 130
135 143
96 143
43 138
45 116
116 136
52 170
4 85
70 137
160 195
189 195
157 195
70 128
70 196
8 91
52 83
11 54
32 54
99 189
84 157
129 141
47 71
63 174
71 170
28 132
46 116
181 196
108 145
123 136
91 197
100 132
185 195
27 36
23 27
4 27
54 167
33 120
110 179
5 179
47 157
87 164
47 145
9 38
9 50
49 64
47 60
9 179
108 179
74 179
29 175
113 177
169 193
78 101
11 101
101 109
152 153
71 176
86 176
26 176
141 189
7 97
27 197
30 35
81 97
115 195
143 172
119 160
27 173
33 173
102 155
114 173
114 152
63 171
5 113
5 47
132 144
10 29
24 138
11 29
18 196
145 162
32 53
1 164
51 124
122 160
49 122
169 196
8 187
160 179
103 108
87 168
116 168
6 156
89 116
120 126
35 142
128 161
79 174
82 182
57 143
29 57
57 64
119 171
123 160
5 91
92 110
18 154
78 154
97 167
34 117
12 131
82 172
102 178
77 89
101 154
48 117
73 122
42 182
12 70
158 192
5 142
46 168
10 162
102 152
152 158
38 75
22 83
100 133
160 192
109 121
79 121
124 138
30 195
104 142
65 104
118 140
104 173
15 145
88 163
88 167
135 171
78 166
111 148
51 84
144 153
9 174
136 186
52 164
84 174
5 71
97 128
3 112
63 141
123 149
84 159
40 74
14 131
98 115
11 121
98 153
154 198
57 192
95 182
153 181
76 152
2 99
87 136
2 77
21 59
113 181
167 195
22 154
3 19
49 154
149 163
44 149
119 169
14 142
101 112
125 129
137 139
100 147
77 100
114 183
42 74
145 197
43 103
67 172
77 124
40 176
15 50
2 118
97 117
16 199
60 144
145 166
21 196
49 146
7 15
69 131
63 68
3 24
164 195
116 177
71 102
2 113
56 169
127 142
148 169
125 135
63 127
14 168
56 89
56 85
105 156
122 179
1 34
140 164
51 184
96 149
12 140
43 149
9 37
48 159
76 188
76 83
4 124
58 107
114 174
80 182
140 161
23 88
160 178
106 114
11 115
129 193
20 117
38 94
56 181
56 161
131 150
84 183
133 172
4 53
109 191
40 52
144 188
40 93
57 185
122 178
44 170
16 150
57 200
16 32
32 137
16 158
6 72
51 166
85 140
150 152
51 131
84 130
49 141
32 151
151 172
17 71
92 132
37 46
23 167
81 129
39 95
34 39
137 148
147 148
11 57
12 127
127 149
25 173
133 165
124 198
134 136
136 183
30 136
22 75
21 99
21 199
68 199
67 149
3 54
132 196
45 192
169 195
7 64
82 159
7 58
80 149
66 183
21 116
27 82
63 117
25 47
101 171
75 174
48 138
9 56
52 144
67 176
74 176
66 116
26 123
21 37
33 183
49 180
107 168
146 150
102 107
138 178
138 185
82 154
13 75
34 77
116 124
85 105
80 183
183 191
24 168
74 92
28 200
38 144
86 169
31 169
44 194
9 138
58 98
11 166
30 62
75 166
32 33
7 199
42 168
10 97
30 161
13 79
125 173
40 121
70 156
30 73
96 194
112 194
26 94
118 184
11 66
11 94
51 94
88 165
97 131
11 160
106 178
46 161
88 93
61 93
93 195
93 134
13 194
32 138
57 135
36 134
24 182
27 40
137 149
69 112
20 33
18 150
65 120
82 191
75 134
14 64
32 80
78 80
75 169
44 120
10 156
105 178
65 127
141 177
24 113
117 175
105 184
42 70
65 84
38 121
64 82
58 164
94 193
15 94
22 61
133 134
134 166
115 151
60 160
106 161
26 172
23 43
17 167
12 152
83 189
91 193
149 194
116 126
38 114
25 137
17 184
15 36
17 34
81 160
45 68
58 116
1 156
20 48
178 196
15 159
138 182
29 86
140 147
2 85
109 126
19 189
84 92
25 44
132 139
5 97
72 112
59 85
9 48
123 189
17 106
28 79
25 168
22 114
111 166
48 194
16 151
28 33
20 158
37 68
13 24
9 101
114 199
55 163
26 32
22 69
21 100
74 121
34 156
74 142
34 191
62 111
43 158
67 127
59 69
15 82
30 169
93 155
52 190
111 177
8 10
2 121
86 146
6 73
88 178
87 99
48 105
97 197
163 176
3 143
34 93
30 174
34 83
34 145
195 199
71 158
66 174
8 143
29 198
66 89
45 126
77 106
39 126
43 181
67 148
27 190
39 187
72 136
142 157
58 145
22 93
12 66
127 152
52 135
64 94
64 74
161 189
61 101
159 198
28 155
12 190
187 190
144 196
45 94
3 7
12 33
74 99
60 166
144 189
91 120
18 151
49 171
1 51
3 161
10 22
70 148
46 136
115 138
80 121
156 192
74 97
45 153
194 197
14 177
88 112
69 125
23 36
134 182
87 126
75 87
35 164
24 54
18 193
25 63
52 124
5 14
90 164
7 23
112 176
76 184
58 143
59 131
36 179
81 119
90 93
77 130
9 158
172 185
9 46
111 190
118 182
5 10
156 178
8 121
54 134
3 126
85 153
14 29
54 179
152 157
64 109
78 121
9 114
8 194
49 187
35 99
54 78
124 163
13 59
7 59
88 182
21 133
85 156
61 195
80 103
109 185
149 184
85 139
23 178
75 186
141 155
130 182
50 128
26 37
31 160
40 196
130 166
165 175
75 187
129 185
10 64
138 139
9 33
