200 1174
1 2
1 3
1 4
5 6
7 8
9 10
11 12
11 13
14 15
14 16
17 18
17 19
20 21
3 22
3 23
15 24
25 26
27 28
27 29
30 31
30 32
33 34
33 35
36 37
21 36
38 39
40 41
27 42
43 44
43 45
30 43
43 46
47 48
49 50
51 52
22 53
53 54
47 55
13 56
54 57
58 59
22 60
54 60
43 60
61 62
50 63
14 64
65 66
67 68
59 69
1 57
12 70
71 72
40 73
74 75
54 76
54 77
24 49
78 79
19 68
19 43
80 81
8 72
82 83
33 84
33 63
33 75
33 85
8 86
31 87
39 75
59 88
89 90
21 91
55 92
93 94
19 95
9 96
9 97
98 99
26 98
60 100
101 102
27 103
19 103
1 42
102 104
104 105
64 106
93 107
34 108
108 109
110 111
112 113
114 115
12 116
4 116
54 109
34 111
69 117
92 95
92 118
7 41
7 24
7 61
98 119
85 100
68 100
60 120
120 121
120 122
110 123
19 104
85 115
17 115
96 110
39 110
30 93
106 124
54 106
4 34
87 118
15 121
45 125
70 122
126 127
34 123
42 102
3 107
95 101
17 38
18 64
26 128
75 129
72 130
42 78
2 6
28 131
37 94
61 126
132 133
43 132
40 64
10 57
52 86
105 134
92 132
25 135
27 95
32 136
81 137
13 127
102 127
23 127
50 138
10 139
70 140
98 141
8 137
29 142
27 143
43 144
44 63
39 44
85 145
85 132
14 132
145 146
12 146
8 146
146 147
99 148
69 106
69 102
41 149
137 149
39 79
150 151
44 52
15 28
28 66
28 100
35 152
3 153
19 119
45 119
117 145
62 98
45 154
79 154
70 155
25 99
93 99
96 142
6 22
76 130
59 76
18 156
48 156
56 157
56 125
113 158
126 137
137 140
77 137
102 159
12 46
110 160
31 107
35 40
22 161
45 118
52 118
11 118
62 129
125 152
34 131
5 162
21 160
68 109
54 163
12 133
80 164
105 144
83 144
4 49
80 155
3 100
3 26
68 90
15 160
45 165
106 165
165 166
88 167
64 168
57 140
31 78
31 41
28 79
121 152
6 169
161 169
115 170
11 120
42 167
84 99
74 171
13 171
38 104
38 92
4 25
124 170
62 124
124 150
26 94
51 94
29 44
99 149
42 99
66 91
139 161
109 166
97 167
3 98
68 88
88 172
25 31
25 37
45 173
90 165
111 132
32 76
35 53
22 114
91 174
21 171
21 175
123 176
133 177
144 178
134 165
88 179
117 180
69 180
12 111
19 161
123 177
107 123
89 140
63 111
113 181
104 148
88 181
99 181
19 181
101 105
90 135
14 59
25 182
98 173
124 183
8 160
8 105
22 132
140 165
87 134
161 180
160 184
54 81
120 185
13 41
146 171
57 158
107 158
64 143
10 22
75 97
97 186
99 186
106 144
53 150
53 187
26 59
54 83
104 142
41 50
69 164
80 158
29 80
2 134
46 102
46 118
6 188
23 25
23 158
145 149
108 128
10 28
80 172
82 163
29 121
41 92
28 68
35 77
39 182
15 39
39 69
116 159
134 172
22 134
27 84
96 108
49 96
15 96
6 65
60 97
87 140
87 110
22 105
22 40
21 117
21 106
21 60
82 114
90 148
90 113
30 117
88 117
73 175
17 112
142 151
82 189
63 189
86 102
48 86
30 86
72 171
148 190
178 190
10 190
68 190
117 190
69 190
89 144
122 144
59 166
32 37
109 191
14 161
45 88
45 102
45 121
45 188
14 47
9 115
29 115
2 76
37 76
120 152
54 152
143 152
90 141
2 36
20 36
126 141
141 184
14 152
5 76
76 150
47 166
16 47
45 52
45 74
45 139
45 187
114 189
114 153
125 157
88 165
100 165
12 165
66 161
173 188
1 173
158 173
169 173
67 173
32 67
6 32
32 138
32 156
32 89
91 144
144 192
36 144
144 159
100 193
75 100
12 100
93 190
168 190
77 190
159 190
3 121
25 185
53 171
148 150
21 86
101 189
53 189
188 189
112 164
62 73
73 183
54 138
44 117
117 159
3 82
51 82
24 82
90 194
90 129
82 180
79 140
14 140
21 127
21 166
21 92
87 195
117 174
117 122
45 117
117 120
97 142
138 182
30 50
25 96
4 6
112 122
112 145
130 196
20 196
57 196
113 159
134 151
134 160
23 159
43 159
108 113
113 120
75 196
11 196
29 154
13 39
39 121
5 39
64 154
45 196
68 131
68 125
68 119
35 60
35 52
41 194
41 74
41 151
29 146
38 123
29 177
35 59
120 127
35 181
105 172
24 172
22 133
30 123
50 145
28 142
28 94
28 177
117 188
149 191
179 188
175 179
116 164
13 164
149 185
169 188
153 174
41 42
80 108
193 197
10 86
75 81
42 81
9 81
10 62
13 30
21 84
23 97
107 155
53 64
33 40
53 184
106 130
34 175
54 59
119 186
87 186
96 186
42 158
5 129
130 186
10 148
73 146
2 92
134 198
83 145
35 163
6 173
6 128
20 158
153 176
56 171
13 161
100 175
100 101
55 94
81 133
2 81
21 144
21 141
180 199
86 180
134 179
86 140
135 140
6 46
41 174
112 156
8 67
14 94
183 185
85 173
144 173
2 173
110 184
55 162
24 55
49 191
10 182
56 90
105 197
63 130
157 181
65 90
45 159
137 159
16 52
159 162
129 159
53 128
21 185
192 194
22 123
106 161
2 146
2 49
31 85
2 200
165 184
166 197
12 129
134 142
169 180
167 180
49 87
138 179
135 179
83 100
182 192
30 130
145 165
155 156
3 161
161 183
150 184
126 176
12 174
109 119
85 133
51 176
50 177
50 105
50 195
130 175
58 104
46 52
52 170
133 195
161 174
53 65
53 173
80 89
32 161
79 176
132 166
18 132
82 132
37 142
12 59
90 158
80 178
25 33
25 119
4 193
38 193
53 193
16 49
21 98
11 51
167 171
72 139
94 99
19 149
29 194
94 195
94 194
123 168
23 33
131 157
38 190
38 109
42 131
20 84
76 156
47 102
112 167
52 108
85 192
85 160
114 159
50 112
11 100
11 48
169 177
135 169
4 11
119 149
31 127
103 140
132 138
106 179
161 181
10 15
15 190
51 90
119 156
73 155
86 162
134 155
28 150
45 156
156 175
44 124
38 144
164 194
24 68
78 133
40 120
40 80
8 26
162 163
180 195
29 107
54 194
160 197
82 160
29 172
42 162
131 133
121 135
125 169
123 129
2 114
13 181
13 192
13 28
118 176
118 131
6 159
22 24
5 100
40 133
31 53
110 118
3 96
65 110
38 191
34 196
52 175
16 93
12 127
100 140
25 177
19 83
141 153
108 192
104 129
3 154
66 160
156 198
24 156
26 32
76 186
13 81
116 133
22 43
42 128
83 142
167 193
153 186
137 157
59 93
106 120
99 159
99 139
71 191
99 110
110 183
154 186
89 171
14 122
122 165
38 62
33 62
62 131
77 145
42 62
3 184
4 198
19 151
3 117
31 116
152 193
110 191
34 191
44 90
44 80
7 19
17 182
55 145
82 150
59 79
46 152
130 149
149 177
69 184
49 130
23 148
119 134
10 142
44 81
42 145
32 143
50 134
168 200
152 200
82 148
141 174
3 122
191 193
130 139
161 184
62 138
125 161
53 151
7 154
65 93
127 197
120 147
86 190
137 162
73 136
136 176
103 135
24 95
9 135
88 106
58 107
2 143
117 143
158 189
26 86
42 130
78 126
44 66
2 48
141 167
108 155
86 183
18 57
64 85
64 170
64 171
95 138
96 132
60 176
103 194
61 172
60 144
24 37
26 197
167 191
89 157
32 189
36 140
150 170
48 55
28 164
131 156
77 174
12 91
143 185
139 174
74 114
6 64
6 75
135 171
21 162
75 185
74 138
38 57
18 192
130 135
48 127
150 199
79 82
73 178
122 191
111 122
29 69
68 95
103 154
90 119
18 32
15 119
169 186
69 107
42 192
42 133
31 112
6 45
114 137
17 65
163 185
39 136
61 108
33 158
175 192
34 76
98 123
20 123
70 94
125 126
121 180
57 133
7 180
104 200
95 136
16 87
165 185
116 168
35 97
30 155
96 152
194 199
167 187
52 110
184 189
77 100
60 98
4 200
130 154
28 155
7 106
7 129
8 61
12 105
99 183
46 169
32 199
61 69
135 141
93 126
34 66
65 173
118 165
46 189
23 28
82 199
86 105
25 62
10 108
40 93
18 141
96 116
108 135
160 161
116 194
58 80
48 70
93 96
64 147
1 80
155 168
87 139
30 110
11 56
108 170
192 197
30 167
101 123
40 60
92 168
73 147
56 191
14 48
8 31
48 124
69 163
89 197
46 75
17 36
84 160
21 195
86 188
72 197
75 82
1 34
72 180
135 137
69 80
74 192
19 199
78 82
78 138
18 24
74 177
38 46
24 175
5 81
90 94
74 91
140 162
27 73
118 163
94 107
26 140
29 70
64 121
20 172
107 143
28 125
83 129
56 115
113 128
32 109
1 172
119 183
122 139
131 172
38 139
69 147
80 116
88 116
60 178
67 80
51 121
57 65
80 191
55 131
176 189
138 168
59 83
112 163
41 111
51 76
95 116
125 173
106 192
56 164
16 71
51 70
43 146
8 49
37 144
114 199
47 87
15 42
8 56
31 128
33 76
60 151
40 114
38 55
87 101
45 152
100 142
61 134
5 98
58 67
33 197
25 57
23 107
103 193
3 119
29 183
153 178
16 154
137 182
57 147
156 190
17 198
15 152
27 101
14 80
78 132
102 144
11 181
60 75
9 109
33 130
2 78
106 146
34 178
119 167
108 156
45 65
43 198
67 69
5 15
48 78
27 144
1 64
149 198
35 90
24 86
169 194
80 187
53 141
76 148
181 187
52 79
43 190
55 77
83 176
119 190
139 173
142 147
130 133
43 155
59 60
16 51
165 170
105 113
55 91
23 155
39 198
3 89
10 98
130 157
81 159
10 53
64 123
59 178
17 136
47 143
71 187
80 93
2 187
89 130
156 185
59 126
11 197
11 76
44 198
27 64
25 55
25 84
161 163
21 101
22 162
5 31
74 125
77 112
163 190
160 189
127 199
112 195
130 193
7 36
101 118
35 136
37 69
45 195
36 73
32 52
184 185
54 145
47 96
137 190
22 139
118 136
38 175
117 153
13 152
63 190
141 178
119 148
64 152
5 48
38 86
101 138
53 177
91 184
53 130
115 176
166 192
175 194
149 159
97 122
175 183
