128 2955
1 8
1 12
1 14
1 15
1 16
1 20
1 22
1 23
1 24
1 26
1 27
1 28
1 29
1 30
1 31
1 32
1 36
1 38
1 39
1 40
1 42
1 43
1 44
1 45
1 46
1 47
1 48
1 50
1 51
1 52
1 53
1 54
1 55
1 56
1 57
1 58
1 59
1 60
1 61
1 62
1 63
1 64
1 68
1 70
1 71
1 72
1 74
1 75
1 76
1 77
1 78
1 79
1 80
1 82
1 83
1 84
1 85
1 86
1 87
1 88
1 89
1 90
1 91
1 92
1 93
1 94
1 95
1 96
1 98
1 99
1 100
1 101
1 102
1 103
1 104
1 105
1 106
1 107
1 108
1 109
1 110
1 111
1 112
1 113
1 114
1 115
1 116
1 117
1 118
1 119
1 120
1 121
1 122
1 123
1 124
1 125
1 126
1 127
1 128
2 15
2 16
2 23
2 24
2 27
2 28
2 29
2 30
2 31
2 32
2 39
2 40
2 43
2 44
2 45
2 46
2 47
2 48
2 51
2 52
2 53
2 54
2 55
2 56
2 57
2 58
2 59
2 60
2 61
2 62
2 63
2 64
2 71
2 72
2 75
2 76
2 77
2 78
2 79
2 80
2 83
2 84
2 85
2 86
2 87
2 88
2 89
2 90
2 91
2 92
2 93
2 94
2 95
2 96
2 99
2 100
2 101
2 102
2 103
2 104
2 105
2 106
2 107
2 108
2 109
2 110
2 111
2 112
2 113
2 114
2 115
2 116
2 117
2 118
2 119
2 120
2 121
2 122
2 123
2 124
2 125
2 126
2 127
2 128
3 16
3 24
3 28
3 29
3 30
3 31
3 32
3 40
3 44
3 45
3 46
3 47
3 48
3 52
3 53
3 54
3 55
3 56
3 57
3 58
3 59
3 60
3 61
3 62
3 63
3 64
3 72
3 76
3 77
3 78
3 79
3 80
3 84
3 85
3 86
3 87
3 88
3 89
3 90
3 91
3 92
3 93
3 94
3 95
3 96
3 100
3 101
3 102
3 103
3 104
3 105
3 106
3 107
3 108
3 109
3 110
3 111
3 112
3 113
3 114
3 115
3 116
3 117
3 118
3 119
3 120
3 121
3 122
3 123
3 124
3 125
3 126
3 127
3 128
4 27
4 29
4 30
4 31
4 32
4 43
4 45
4 46
4 47
4 48
4 51
4 53
4 54
4 55
4 56
4 57
4 58
4 59
4 60
4 61
4 62
4 63
4 64
4 75
4 77
4 78
4 79
4 80
4 83
4 85
4 86
4 87
4 88
4 89
4 90
4 91
4 92
4 93
4 94
4 95
4 96
4 99
4 101
4 102
4 103
4 104
4 105
4 106
4 107
4 108
4 109
4 110
4 111
4 112
4 113
4 114
4 115
4 116
4 117
4 118
4 119
4 120
4 121
4 122
4 123
4 124
4 125
4 126
4 127
4 128
5 16
5 24
5 28
5 30
5 31
5 32
5 40
5 44
5 46
5 47
5 48
5 52
5 54
5 55
5 56
5 57
5 58
5 59
5 60
5 61
5 62
5 63
5 64
5 72
5 76
5 78
5 79
5 80
5 84
5 86
5 87
5 88
5 89
5 90
5 91
5 92
5 93
5 94
5 95
5 96
5 100
5 102
5 103
5 104
5 105
5 106
5 107
5 108
5 109
5 110
5 111
5 112
5 113
5 114
5 115
5 116
5 117
5 118
5 119
5 120
5 121
5 122
5 123
5 124
5 125
5 126
5 127
5 128
6 29
6 31
6 32
6 45
6 47
6 48
6 53
6 55
6 56
6 57
6 58
6 59
6 60
6 61
6 62
6 63
6 64
6 77
6 79
6 80
6 85
6 87
6 88
6 89
6 90
6 91
6 92
6 93
6 94
6 95
6 96
6 101
6 103
6 104
6 105
6 106
6 107
6 108
6 109
6 110
6 111
6 112
6 113
6 114
6 115
6 116
6 117
6 118
6 119
6 120
6 121
6 122
6 123
6 124
6 125
6 126
6 127
6 128
7 32
7 48
7 53
7 54
7 56
7 57
7 58
7 59
7 60
7 61
7 62
7 63
7 64
7 80
7 85
7 86
7 88
7 89
7 90
7 91
7 92
7 93
7 94
7 95
7 96
7 101
7 102
7 104
7 105
7 106
7 107
7 108
7 109
7 110
7 111
7 112
7 113
7 114
7 115
7 116
7 117
7 118
7 119
7 120
7 121
7 122
7 123
7 124
7 125
7 126
7 127
7 128
8 9
8 17
8 21
8 25
8 33
8 37
8 41
8 43
8 45
8 49
8 51
8 53
8 54
8 55
8 57
8 58
8 59
8 60
8 61
8 62
8 63
8 64
8 65
8 69
8 73
8 75
8 77
8 81
8 83
8 85
8 86
8 87
8 89
8 90
8 91
8 92
8 93
8 94
8 95
8 96
8 97
8 99
8 101
8 102
8 103
8 105
8 106
8 107
8 108
8 109
8 110
8 111
8 112
8 113
8 114
8 115
8 116
8 117
8 118
8 119
8 120
8 121
8 122
8 123
8 124
8 125
8 126
8 127
8 128
9 16
9 24
9 28
9 30
9 31
9 32
9 40
9 44
9 46
9 47
9 48
9 52
9 54
9 55
9 56
9 58
9 59
9 60
9 61
9 62
9 63
9 64
9 68
9 72
9 76
9 78
9 79
9 80
9 84
9 86
9 87
9 88
9 90
9 91
9 92
9 93
9 94
9 95
9 96
9 98
9 100
9 102
9 103
9 104
9 106
9 107
9 108
9 109
9 110
9 111
9 112
9 113
9 114
9 115
9 116
9 117
9 118
9 119
9 120
9 121
9 122
9 123
9 124
9 125
9 126
9 127
9 128
10 31
10 32
10 47
10 48
10 55
10 56
10 57
10 59
10 60
10 61
10 62
10 63
10 64
10 79
10 80
10 87
10 88
10 89
10 91
10 92
10 93
10 94
10 95
10 96
10 103
10 104
10 105
10 107
10 108
10 109
10 110
10 111
10 112
10 113
10 114
10 115
10 116
10 117
10 118
10 119
10 120
10 121
10 122
10 123
10 124
10 125
10 126
10 127
10 128
11 32
11 48
11 56
11 57
11 58
11 60
11 61
11 62
11 63
11 64
11 80
11 88
11 89
11 90
11 92
11 93
11 94
11 95
11 96
11 104
11 105
11 106
11 108
11 109
11 110
11 111
11 112
11 113
11 114
11 115
11 116
11 117
11 118
11 119
11 120
11 121
11 122
11 123
11 124
11 125
11 126
11 127
11 128
12 17
12 25
12 33
12 41
12 49
12 53
12 57
12 58
12 59
12 61
12 62
12 63
12 64
12 65
12 73
12 77
12 81
12 85
12 89
12 90
12 91
12 93
12 94
12 95
12 96
12 97
12 101
12 103
12 105
12 106
12 107
12 109
12 110
12 111
12 112
12 113
12 114
12 115
12 116
12 117
12 118
12 119
12 120
12 121
12 122
12 123
12 124
12 125
12 126
12 127
12 128
13 32
13 48
13 56
13 60
13 62
13 63
13 64
13 80
13 82
13 86
13 88
13 92
13 94
13 95
13 96
13 98
13 102
13 104
13 105
13 106
13 107
13 108
13 110
13 111
13 112
13 113
13 114
13 115
13 116
13 117
13 118
13 119
13 120
13 121
13 122
13 123
13 124
13 125
13 126
13 127
13 128
14 17
14 33
14 41
14 49
14 57
14 61
14 63
14 64
14 65
14 73
14 81
14 85
14 89
14 93
14 95
14 96
14 97
14 101
14 105
14 106
14 107
14 108
14 109
14 111
14 112
14 113
14 114
14 115
14 116
14 117
14 118
14 119
14 120
14 121
14 122
14 123
14 124
14 125
14 126
14 127
14 128
15 17
15 18
15 33
15 34
15 41
15 42
15 49
15 50
15 64
15 65
15 66
15 73
15 74
15 81
15 82
15 85
15 86
15 89
15 90
15 92
15 96
15 97
15 98
15 101
15 102
15 105
15 106
15 107
15 108
15 109
15 110
15 112
15 113
15 114
15 115
15 116
15 117
15 118
15 119
15 120
15 121
15 122
15 123
15 124
15 125
15 126
15 127
15 128
16 17
16 18
16 19
16 21
16 25
16 33
16 34
16 35
16 37
16 41
16 42
16 43
16 45
16 49
16 50
16 51
16 53
16 57
16 65
16 66
16 67
16 69
16 73
16 74
16 75
16 77
16 81
16 82
16 83
16 85
16 86
16 87
16 89
16 90
16 91
16 93
16 97
16 98
16 99
16 101
16 102
16 103
16 105
16 106
16 107
16 108
16 109
16 110
16 111
16 113
16 114
16 115
16 116
16 117
16 118
16 119
16 120
16 121
16 122
16 123
16 124
16 125
16 126
16 127
16 128
17 24
17 28
17 30
17 31
17 32
17 40
17 44
17 46
17 47
17 48
17 52
17 54
17 55
17 56
17 58
17 59
17 60
17 61
17 62
17 63
17 64
17 72
17 76
17 78
17 79
17 80
17 84
17 86
17 87
17 88
17 90
17 91
17 92
17 93
17 94
17 95
17 96
17 100
17 102
17 103
17 104
17 106
17 107
17 108
17 109
17 110
17 111
17 112
17 114
17 115
17 116
17 117
17 118
17 119
17 120
17 121
17 122
17 123
17 124
17 125
17 126
17 127
17 128
18 31
18 32
18 47
18 48
18 55
18 56
18 59
18 60
18 61
18 62
18 63
18 64
18 79
18 80
18 87
18 88
18 91
18 92
18 93
18 94
18 95
18 96
18 103
18 104
18 107
18 108
18 109
18 110
18 111
18 112
18 113
18 115
18 116
18 117
18 118
18 119
18 120
18 121
18 122
18 123
18 124
18 125
18 126
18 127
18 128
19 32
19 48
19 56
19 60
19 61
19 62
19 63
19 64
19 72
19 80
19 88
19 92
19 93
19 94
19 95
19 96
19 100
19 104
19 108
19 109
19 110
19 111
19 112
19 113
19 114
19 116
19 117
19 118
19 119
19 120
19 121
19 122
19 123
19 124
19 125
19 126
19 127
19 128
20 33
20 49
20 57
20 59
20 61
20 62
20 63
20 64
20 65
20 81
20 89
20 91
20 93
20 94
20 95
20 96
20 97
20 99
20 105
20 107
20 109
20 110
20 111
20 112
20 113
20 114
20 115
20 117
20 118
20 119
20 120
20 121
20 122
20 123
20 124
20 125
20 126
20 127
20 128
21 32
21 40
21 48
21 56
21 60
21 62
21 63
21 64
21 68
21 72
21 80
21 88
21 92
21 94
21 95
21 96
21 98
21 100
21 104
21 108
21 110
21 111
21 112
21 113
21 114
21 115
21 116
21 118
21 119
21 120
21 121
21 122
21 123
21 124
21 125
21 126
21 127
21 128
22 33
22 49
22 57
22 61
22 63
22 64
22 65
22 81
22 89
22 93
22 95
22 96
22 97
22 105
22 109
22 111
22 112
22 113
22 114
22 115
22 116
22 117
22 119
22 120
22 121
22 122
22 123
22 124
22 125
22 126
22 127
22 128
23 33
23 34
23 49
23 50
23 64
23 65
23 66
23 81
23 82
23 96
23 97
23 98
23 105
23 106
23 112
23 113
23 114
23 115
23 116
23 117
23 118
23 120
23 121
23 122
23 123
23 124
23 125
23 126
23 127
23 128
24 25
24 33
24 34
24 35
24 37
24 41
24 49
24 50
24 51
24 53
24 57
24 65
24 66
24 67
24 69
24 73
24 77
24 81
24 82
24 83
24 85
24 89
24 97
24 98
24 99
24 101
24 103
24 105
24 106
24 107
24 109
24 113
24 114
24 115
24 116
24 117
24 118
24 119
24 121
24 122
24 123
24 124
24 125
24 126
24 127
24 128
25 32
25 40
25 44
25 48
25 56
25 60
25 62
25 63
25 64
25 68
25 70
25 72
25 76
25 80
25 84
25 86
25 88
25 92
25 94
25 95
25 96
25 104
25 108
25 110
25 111
25 112
25 116
25 118
25 119
25 120
25 122
25 123
25 124
25 125
25 126
25 127
25 128
26 33
26 63
26 64
26 65
26 81
26 95
26 96
26 97
26 105
26 111
26 112
26 113
26 117
26 119
26 120
26 121
26 123
26 124
26 125
26 126
26 127
26 128
27 33
27 34
27 36
27 64
27 65
27 66
27 68
27 81
27 82
27 84
27 96
27 97
27 98
27 100
27 112
27 113
27 114
27 116
27 120
27 121
27 122
27 124
27 125
27 126
27 127
27 128
28 33
28 34
28 35
28 37
28 41
28 49
28 57
28 65
28 66
28 67
28 69
28 73
28 81
28 82
28 83
28 85
28 89
28 93
28 97
28 98
28 99
28 101
28 105
28 113
28 114
28 115
28 117
28 121
28 122
28 123
28 125
28 126
28 127
28 128
29 33
29 34
29 35
29 36
29 38
29 64
29 65
29 66
29 67
29 68
29 70
29 81
29 82
29 83
29 84
29 86
29 92
29 96
29 97
29 98
29 99
29 100
29 102
29 108
29 110
29 112
29 120
29 124
29 126
29 127
29 128
30 33
30 34
30 35
30 36
30 37
30 41
30 49
30 65
30 66
30 67
30 68
30 69
30 73
30 81
30 82
30 83
30 84
30 85
30 89
30 97
30 98
30 99
30 100
30 101
30 105
30 109
30 113
30 121
30 125
30 127
30 128
31 33
31 34
31 35
31 36
31 37
31 38
31 41
31 42
31 49
31 50
31 65
31 66
31 67
31 68
31 69
31 70
31 73
31 74
31 81
31 82
31 83
31 84
31 85
31 86
31 89
31 90
31 97
31 98
31 99
31 100
31 101
31 102
31 105
31 106
31 108
31 113
31 114
31 116
31 120
31 128
32 33
32 34
32 35
32 36
32 37
32 38
32 39
32 41
32 42
32 43
32 45
32 49
32 50
32 51
32 53
32 57
32 65
32 66
32 67
32 68
32 69
32 70
32 71
32 73
32 74
32 75
32 77
32 81
32 82
32 83
32 84
32 85
32 86
32 87
32 89
32 90
32 91
32 93
32 97
32 98
32 99
32 100
32 101
32 102
32 103
32 105
32 106
32 107
32 109
32 113
32 114
32 115
32 117
32 121
33 40
33 44
33 46
33 47
33 48
33 52
33 54
33 55
33 56
33 58
33 59
33 60
33 61
33 62
33 63
33 64
33 72
33 76
33 78
33 79
33 80
33 84
33 86
33 87
33 88
33 90
33 91
33 92
33 93
33 94
33 95
33 96
33 100
33 102
33 103
33 104
33 106
33 107
33 108
33 109
33 110
33 111
33 112
33 114
33 115
33 116
33 117
33 118
33 119
33 120
33 121
33 122
33 123
33 124
33 125
33 126
33 127
33 128
34 47
34 48
34 55
34 56
34 59
34 60
34 61
34 62
34 63
34 64
34 79
34 80
34 87
34 88
34 91
34 92
34 93
34 94
34 95
34 96
34 103
34 104
34 107
34 108
34 109
34 110
34 111
34 112
34 115
34 116
34 117
34 118
34 119
34 120
34 121
34 122
34 123
34 124
34 125
34 126
34 127
34 128
35 48
35 56
35 60
35 61
35 62
35 63
35 64
35 80
35 88
35 92
35 93
35 94
35 95
35 96
35 104
35 108
35 109
35 110
35 111
35 112
35 116
35 117
35 118
35 119
35 120
35 121
35 122
35 123
35 124
35 125
35 126
35 127
35 128
36 59
36 61
36 62
36 63
36 64
36 65
36 91
36 93
36 94
36 95
36 96
36 97
36 101
36 107
36 109
36 110
36 111
36 112
36 113
36 115
36 117
36 118
36 119
36 120
36 121
36 122
36 123
36 124
36 125
36 126
36 127
36 128
37 48
37 56
37 60
37 62
37 63
37 64
37 72
37 80
37 88
37 92
37 94
37 95
37 96
37 100
37 104
37 108
37 110
37 111
37 112
37 114
37 116
37 118
37 119
37 120
37 121
37 122
37 123
37 124
37 125
37 126
37 127
37 128
38 61
38 63
38 64
38 65
38 93
38 95
38 96
38 97
38 109
38 111
38 112
38 113
38 117
38 119
38 120
38 121
38 122
38 123
38 124
38 125
38 126
38 127
38 128
39 64
39 65
39 66
39 96
39 97
39 98
39 112
39 113
39 114
39 117
39 118
39 120
39 121
39 122
39 123
39 124
39 125
39 126
39 127
39 128
40 41
40 49
40 53
40 57
40 65
40 66
40 67
40 69
40 73
40 81
40 85
40 89
40 97
40 98
40 99
40 101
40 105
40 107
40 109
40 113
40 114
40 115
40 117
40 118
40 119
40 121
40 122
40 123
40 124
40 125
40 126
40 127
40 128
41 48
41 56
41 60
41 62
41 63
41 64
41 72
41 76
41 78
41 79
41 80
41 88
41 92
41 94
41 95
41 96
41 104
41 108
41 110
41 111
41 112
41 116
41 118
41 119
41 120
41 122
41 123
41 124
41 125
41 126
41 127
41 128
42 63
42 64
42 65
42 79
42 80
42 95
42 96
42 97
42 111
42 112
42 113
42 119
42 120
42 121
42 123
42 124
42 125
42 126
42 127
42 128
43 64
43 65
43 66
43 68
43 72
43 80
43 96
43 97
43 98
43 100
43 104
43 112
43 113
43 114
43 116
43 120
43 121
43 122
43 124
43 125
43 126
43 127
43 128
44 49
44 57
44 65
44 66
44 67
44 69
44 73
44 81
44 89
44 97
44 98
44 99
44 101
44 105
44 113
44 114
44 115
44 117
44 121
44 122
44 123
44 125
44 126
44 127
44 128
45 64
45 65
45 66
45 67
45 68
45 70
45 72
45 80
45 96
45 97
45 98
45 99
45 100
45 102
45 104
45 112
45 120
45 124
45 126
45 127
45 128
46 49
46 65
46 66
46 67
46 68
46 69
46 73
46 81
46 97
46 98
46 99
46 100
46 101
46 105
46 113
46 121
46 125
46 127
46 128
47 49
47 50
47 65
47 66
47 67
47 68
47 69
47 70
47 73
47 74
47 81
47 82
47 97
47 98
47 99
47 100
47 101
47 102
47 105
47 106
47 113
47 114
47 116
47 128
48 49
48 50
48 51
48 53
48 57
48 65
48 66
48 67
48 68
48 69
48 70
48 71
48 73
48 74
48 75
48 77
48 81
48 82
48 83
48 85
48 89
48 97
48 98
48 99
48 100
48 101
48 102
48 103
48 105
48 106
48 107
48 109
48 113
48 114
48 115
48 117
48 121
49 56
49 60
49 62
49 63
49 64
49 72
49 76
49 78
49 79
49 80
49 84
49 86
49 87
49 88
49 92
49 94
49 95
49 96
49 104
49 108
49 110
49 111
49 112
49 116
49 118
49 119
49 120
49 122
49 123
49 124
49 125
49 126
49 127
49 128
50 63
50 64
50 65
50 79
50 80
50 87
50 88
50 95
50 96
50 111
50 112
50 119
50 120
50 123
50 124
50 125
50 126
50 127
50 128
51 64
51 65
51 66
51 68
51 72
51 80
51 88
51 96
51 112
51 120
51 124
51 125
51 126
51 127
51 128
52 65
52 66
52 67
52 69
52 73
52 81
52 97
52 105
52 113
52 117
52 121
52 123
52 125
52 126
52 127
52 128
53 64
53 65
53 66
53 67
53 68
53 70
53 71
53 72
53 76
53 80
53 88
53 96
53 104
53 112
53 120
53 124
53 126
53 127
53 128
54 65
54 66
54 67
54 68
54 69
54 71
54 72
54 73
54 81
54 97
54 113
54 121
54 125
54 127
54 128
55 65
55 66
55 67
55 68
55 69
55 70
55 72
55 73
55 74
55 81
55 82
55 97
55 98
55 113
55 114
55 128
56 57
56 65
56 66
56 67
56 68
56 69
56 70
56 71
56 73
56 74
56 75
56 77
56 81
56 82
56 83
56 85
56 89
56 97
56 98
56 99
56 101
56 105
56 113
56 114
56 115
56 117
56 121
57 64
57 65
57 66
57 67
57 68
57 69
57 70
57 71
57 72
57 74
57 75
57 76
57 78
57 80
57 84
57 86
57 88
57 92
57 96
57 104
57 108
57 110
57 112
57 120
57 124
57 126
57 127
57 128
58 65
58 66
58 67
58 68
58 69
58 70
58 71
58 72
58 73
58 75
58 76
58 81
58 97
58 127
58 128
59 65
59 66
59 67
59 68
59 69
59 70
59 71
59 72
59 73
59 74
59 76
59 81
59 82
59 84
59 97
59 98
59 100
59 104
59 128
60 65
60 66
60 67
60 68
60 69
60 70
60 71
60 72
60 73
60 74
60 75
60 77
60 81
60 82
60 83
60 85
60 89
60 97
60 98
60 99
60 101
60 105
60 113
60 121
61 65
61 66
61 67
61 68
61 69
61 70
61 71
61 72
61 73
61 74
61 75
61 76
61 78
61 81
61 82
61 83
61 84
61 86
61 97
61 98
61 99
61 100
61 102
61 104
61 108
61 120
61 128
62 65
62 66
62 67
62 68
62 69
62 70
62 71
62 72
62 73
62 74
62 75
62 76
62 77
62 81
62 82
62 83
62 84
62 85
62 89
62 97
62 98
62 99
62 100
62 101
62 105
62 113
63 65
63 66
63 67
63 68
63 69
63 70
63 71
63 72
63 73
63 74
63 75
63 76
63 77
63 78
63 81
63 82
63 83
63 84
63 85
63 86
63 89
63 90
63 97
63 98
63 99
63 100
63 101
63 102
63 105
63 106
63 113
63 114
64 65
64 66
64 67
64 68
64 69
64 70
64 71
64 72
64 73
64 74
64 75
64 76
64 77
64 78
64 79
64 81
64 82
64 83
64 84
64 85
64 86
64 87
64 89
64 90
64 91
64 93
64 97
64 98
64 99
64 100
64 101
64 102
64 103
64 105
64 106
64 107
64 109
64 113
64 114
64 115
64 117
64 121
65 72
65 76
65 78
65 79
65 80
65 84
65 86
65 87
65 88
65 90
65 91
65 92
65 93
65 94
65 95
65 96
65 100
65 102
65 103
65 104
65 106
65 107
65 108
65 109
65 110
65 111
65 112
65 114
65 115
65 116
65 117
65 118
65 119
65 120
65 121
65 122
65 123
65 124
65 125
65 126
65 127
65 128
66 79
66 80
66 87
66 88
66 91
66 92
66 93
66 94
66 95
66 96
66 103
66 104
66 107
66 108
66 109
66 110
66 111
66 112
66 115
66 116
66 117
66 118
66 119
66 120
66 121
66 122
66 123
66 124
66 125
66 126
66 127
66 128
67 80
67 88
67 92
67 93
67 94
67 95
67 96
67 104
67 108
67 109
67 110
67 111
67 112
67 116
67 117
67 118
67 119
67 120
67 121
67 122
67 123
67 124
67 125
67 126
67 127
67 128
68 91
68 93
68 94
68 95
68 96
68 107
68 109
68 110
68 111
68 112
68 115
68 117
68 118
68 119
68 120
68 121
68 122
68 123
68 124
68 125
68 126
68 127
68 128
69 80
69 88
69 92
69 94
69 95
69 96
69 104
69 108
69 110
69 111
69 112
69 116
69 118
69 119
69 120
69 121
69 122
69 123
69 124
69 125
69 126
69 127
69 128
70 93
70 95
70 96
70 109
70 111
70 112
70 117
70 119
70 120
70 121
70 122
70 123
70 124
70 125
70 126
70 127
70 128
71 96
71 112
71 117
71 118
71 120
71 121
71 122
71 123
71 124
71 125
71 126
71 127
71 128
72 73
72 81
72 85
72 89
72 97
72 101
72 105
72 107
72 109
72 113
72 115
72 117
72 118
72 119
72 121
72 122
72 123
72 124
72 125
72 126
72 127
72 128
73 80
73 88
73 92
73 94
73 95
73 96
73 104
73 108
73 110
73 111
73 112
73 116
73 118
73 119
73 120
73 122
73 123
73 124
73 125
73 126
73 127
73 128
74 95
74 96
74 111
74 112
74 119
74 120
74 121
74 123
74 124
74 125
74 126
74 127
74 128
75 96
75 112
75 120
75 121
75 122
75 124
75 125
75 126
75 127
75 128
76 81
76 89
76 97
76 105
76 113
76 117
76 121
76 122
76 123
76 125
76 126
76 127
76 128
77 96
77 112
77 120
77 124
77 126
77 127
77 128
78 81
78 97
78 105
78 113
78 121
78 125
78 127
78 128
79 81
79 82
79 97
79 98
79 105
79 106
79 113
79 114
79 128
80 81
80 82
80 83
80 85
80 89
80 97
80 98
80 99
80 101
80 105
80 106
80 107
80 109
80 113
80 114
80 115
80 117
80 121
81 88
81 92
81 94
81 95
81 96
81 104
81 108
81 110
81 111
81 112
81 116
81 118
81 119
81 120
81 122
81 123
81 124
81 125
81 126
81 127
81 128
82 95
82 96
82 111
82 112
82 119
82 120
82 123
82 124
82 125
82 126
82 127
82 128
83 96
83 112
83 120
83 124
83 125
83 126
83 127
83 128
84 97
84 113
84 121
84 123
84 125
84 126
84 127
84 128
85 96
85 104
85 112
85 120
85 124
85 126
85 127
85 128
86 97
86 113
86 121
86 125
86 127
86 128
87 97
87 98
87 113
87 114
87 128
88 89
88 97
88 98
88 99
88 101
88 105
88 113
88 114
88 115
88 117
88 121
89 96
89 104
89 108
89 112
89 120
89 124
89 126
89 127
89 128
90 97
90 127
90 128
91 97
91 98
91 100
91 128
92 97
92 98
92 99
92 101
92 105
92 113
92 121
93 97
93 98
93 99
93 100
93 102
93 128
94 97
94 98
94 99
94 100
94 101
94 105
94 113
95 97
95 98
95 99
95 100
95 101
95 102
95 105
95 106
95 113
95 114
96 97
96 98
96 99
96 100
96 101
96 102
96 103
96 105
96 106
96 107
96 109
96 113
96 114
96 115
96 117
96 121
97 104
97 108
97 110
97 111
97 112
97 116
97 118
97 119
97 120
97 122
97 123
97 124
97 125
97 126
97 127
97 128
98 111
98 112
98 119
98 120
98 123
98 124
98 125
98 126
98 127
98 128
99 112
99 120
99 124
99 125
99 126
99 127
99 128
100 123
100 125
100 126
100 127
100 128
101 112
101 120
101 124
101 126
101 127
101 128
102 125
102 127
102 128
103 128
104 105
104 113
104 117
104 121
105 112
105 120
105 124
105 126
105 127
105 128
106 127
106 128
107 128
108 113
108 121
109 128
110 113
111 113
111 114
112 113
112 114
112 115
112 117
112 121
113 120
113 124
113 126
113 127
113 128
114 127
114 128
115 128
117 128
120 121
121 128
