512 9727
1 2
1 3
1 5
1 9
1 17
1 33
1 65
1 129
1 257
2 3
2 4
2 5
2 6
2 9
2 10
2 17
2 18
2 33
2 34
2 65
2 66
2 129
2 130
2 257
2 258
3 4
3 5
3 6
3 7
3 9
3 10
3 11
3 17
3 18
3 19
3 33
3 34
3 35
3 65
3 66
3 67
3 129
3 130
3 131
3 257
3 258
3 259
4 6
4 7
4 8
4 10
4 12
4 18
4 20
4 34
4 36
4 66
4 68
4 130
4 132
4 258
4 260
5 6
5 7
5 9
5 10
5 11
5 13
5 17
5 19
5 21
5 33
5 35
5 37
5 65
5 67
5 69
5 129
5 131
5 133
5 257
5 259
5 261
6 7
6 8
6 10
6 11
6 12
6 14
6 18
6 19
6 20
6 22
6 34
6 35
6 36
6 38
6 66
6 67
6 68
6 70
6 130
6 131
6 132
6 134
6 258
6 259
6 260
6 262
7 8
7 11
7 12
7 13
7 14
7 15
7 19
7 20
7 23
7 35
7 36
7 39
7 67
7 68
7 71
7 131
7 132
7 135
7 259
7 260
7 263
8 12
8 14
8 15
8 16
8 20
8 24
8 36
8 40
8 68
8 72
8 132
8 136
8 260
8 264
9 10
9 11
9 13
9 17
9 18
9 19
9 21
9 25
9 33
9 37
9 41
9 65
9 69
9 73
9 129
9 133
9 137
9 257
9 261
9 265
10 11
10 12
10 13
10 14
10 18
10 19
10 20
10 21
10 22
10 26
10 34
10 37
10 38
10 42
10 66
10 69
10 70
10 74
10 130
10 133
10 134
10 138
10 258
10 261
10 262
10 266
11 12
11 13
11 14
11 15
11 19
11 21
11 22
11 23
11 27
11 35
11 37
11 38
11 39
11 43
11 67
11 69
11 70
11 71
11 75
11 131
11 133
11 134
11 135
11 139
11 259
11 261
11 262
11 263
11 267
12 14
12 15
12 16
12 20
12 22
12 23
12 24
12 28
12 36
12 38
12 40
12 44
12 68
12 70
12 72
12 76
12 132
12 134
12 136
12 140
12 260
12 262
12 264
12 268
13 14
13 15
13 21
13 23
13 25
13 26
13 27
13 29
13 37
13 39
13 45
13 69
13 71
13 77
13 133
13 135
13 141
13 261
13 263
13 269
14 15
14 16
14 22
14 23
14 24
14 26
14 27
14 28
14 30
14 38
14 39
14 40
14 46
14 70
14 71
14 72
14 78
14 134
14 135
14 136
14 142
14 262
14 263
14 264
14 270
15 16
15 23
15 24
15 27
15 29
15 30
15 31
15 39
15 40
15 47
15 71
15 72
15 79
15 135
15 136
15 143
15 263
15 264
15 271
16 24
16 28
16 30
16 31
16 32
16 40
16 48
16 72
16 80
16 136
16 144
16 264
16 272
17 18
17 19
17 21
17 25
17 33
17 34
17 35
17 37
17 41
17 49
17 65
17 73
17 81
17 129
17 137
17 145
17 257
17 265
17 273
18 19
18 20
18 21
18 22
18 25
18 26
18 34
18 35
18 36
18 38
18 41
18 42
18 50
18 66
18 73
18 74
18 82
18 130
18 137
18 138
18 146
18 258
18 265
18 266
18 274
19 20
19 21
19 22
19 23
19 25
19 26
19 27
19 35
19 37
19 38
19 39
19 41
19 42
19 43
19 51
19 67
19 73
19 74
19 75
19 83
19 131
19 137
19 138
19 139
19 147
19 259
19 265
19 266
19 267
19 275
20 22
20 23
20 24
20 26
20 28
20 36
20 38
20 39
20 40
20 42
20 44
20 52
20 68
20 74
20 76
20 84
20 132
20 138
20 140
20 148
20 260
20 266
20 268
20 276
21 22
21 23
21 25
21 26
21 27
21 29
21 37
21 41
21 42
21 43
21 45
21 53
21 69
21 73
21 75
21 77
21 85
21 133
21 137
21 139
21 141
21 149
21 261
21 265
21 267
21 269
21 277
22 23
22 24
22 26
22 27
22 28
22 30
22 38
22 42
22 43
22 44
22 46
22 54
22 70
22 74
22 75
22 76
22 78
22 86
22 134
22 138
22 139
22 140
22 142
22 150
22 262
22 266
22 267
22 268
22 270
22 278
23 24
23 27
23 28
23 29
23 30
23 31
23 39
23 43
23 44
23 45
23 46
23 47
23 55
23 71
23 75
23 76
23 79
23 87
23 135
23 139
23 140
23 143
23 151
23 263
23 267
23 268
23 271
23 279
24 28
24 30
24 31
24 32
24 40
24 44
24 46
24 47
24 48
24 56
24 72
24 76
24 80
24 88
24 136
24 140
24 144
24 152
24 264
24 268
24 272
24 280
25 26
25 27
25 29
25 41
25 45
25 49
25 50
25 51
25 53
25 57
25 73
25 77
25 89
25 137
25 141
25 153
25 265
25 269
25 281
26 27
26 28
26 29
26 30
26 42
26 45
26 46
26 50
26 51
26 52
26 54
26 58
26 74
26 77
26 78
26 90
26 138
26 141
26 142
26 154
26 266
26 269
26 270
26 282
27 28
27 29
27 30
27 31
27 43
27 45
27 46
27 47
27 51
27 53
27 54
27 55
27 59
27 75
27 77
27 78
27 79
27 91
27 139
27 141
27 142
27 143
27 155
27 267
27 269
27 270
27 271
27 283
28 30
28 31
28 32
28 44
28 46
28 48
28 52
28 54
28 55
28 56
28 60
28 76
28 78
28 80
28 92
28 140
28 142
28 144
28 156
28 268
28 270
28 272
28 284
29 30
29 31
29 45
29 47
29 53
29 57
29 58
29 59
29 61
29 77
29 79
29 93
29 141
29 143
29 157
29 269
29 271
29 285
30 31
30 32
30 46
30 47
30 48
30 54
30 58
30 59
30 60
30 62
30 78
30 79
30 80
30 94
30 142
30 143
30 144
30 158
30 270
30 271
30 272
30 286
31 32
31 47
31 48
31 55
31 59
31 61
31 62
31 63
31 79
31 80
31 95
31 143
31 144
31 159
31 271
31 272
31 287
32 48
32 56
32 60
32 62
32 63
32 64
32 80
32 96
32 144
32 160
32 272
32 288
33 34
33 35
33 37
33 41
33 49
33 65
33 66
33 67
33 69
33 73
33 81
33 97
33 129
33 145
33 161
33 257
33 273
33 289
34 35
34 36
34 37
34 38
34 41
34 42
34 49
34 50
34 66
34 67
34 68
34 70
34 74
34 81
34 82
34 98
34 130
34 145
34 146
34 162
34 258
34 273
34 274
34 290
35 36
35 37
35 38
35 39
35 41
35 42
35 43
35 49
35 50
35 51
35 67
35 69
35 70
35 71
35 75
35 81
35 82
35 83
35 99
35 131
35 145
35 146
35 147
35 163
35 259
35 273
35 274
35 275
35 291
36 38
36 39
36 40
36 42
36 44
36 50
36 52
36 68
36 70
36 71
36 72
36 76
36 82
36 84
36 100
36 132
36 146
36 148
36 164
36 260
36 274
36 276
36 292
37 38
37 39
37 41
37 42
37 43
37 45
37 49
37 51
37 53
37 69
37 73
37 74
37 75
37 77
37 81
37 83
37 85
37 101
37 133
37 145
37 147
37 149
37 165
37 261
37 273
37 275
37 277
37 293
38 39
38 40
38 42
38 43
38 44
38 46
38 50
38 51
38 52
38 54
38 70
38 74
38 75
38 76
38 78
38 82
38 83
38 84
38 86
38 102
38 134
38 146
38 147
38 148
38 150
38 166
38 262
38 274
38 275
38 276
38 278
38 294
39 40
39 43
39 44
39 45
39 46
39 47
39 51
39 52
39 55
39 71
39 75
39 77
39 78
39 79
39 83
39 84
39 87
39 103
39 135
39 147
39 148
39 151
39 167
39 263
39 275
39 276
39 279
39 295
40 44
40 46
40 47
40 48
40 52
40 56
40 72
40 76
40 78
40 79
40 80
40 84
40 88
40 104
40 136
40 148
40 152
40 168
40 264
40 276
40 280
40 296
41 42
41 43
41 45
41 49
41 50
41 51
41 53
41 57
41 73
41 81
41 82
41 83
41 85
41 89
41 105
41 137
41 145
41 149
41 153
41 169
41 265
41 273
41 277
41 281
41 297
42 43
42 44
42 45
42 46
42 50
42 51
42 52
42 53
42 54
42 58
42 74
42 82
42 83
42 84
42 85
42 86
42 90
42 106
42 138
42 146
42 149
42 150
42 154
42 170
42 266
42 274
42 277
42 278
42 282
42 298
43 44
43 45
43 46
43 47
43 51
43 53
43 54
43 55
43 59
43 75
43 83
43 85
43 86
43 87
43 91
43 107
43 139
43 147
43 149
43 150
43 151
43 155
43 171
43 267
43 275
43 277
43 278
43 279
43 283
43 299
44 46
44 47
44 48
44 52
44 54
44 55
44 56
44 60
44 76
44 84
44 86
44 87
44 88
44 92
44 108
44 140
44 148
44 150
44 152
44 156
44 172
44 268
44 276
44 278
44 280
44 284
44 300
45 46
45 47
45 53
45 55
45 57
45 58
45 59
45 61
45 77
45 85
45 87
45 89
45 90
45 91
45 93
45 109
45 141
45 149
45 151
45 157
45 173
45 269
45 277
45 279
45 285
45 301
46 47
46 48
46 54
46 55
46 56
46 58
46 59
46 60
46 62
46 78
46 86
46 87
46 88
46 90
46 91
46 92
46 94
46 110
46 142
46 150
46 151
46 152
46 158
46 174
46 270
46 278
46 279
46 280
46 286
46 302
47 48
47 55
47 56
47 59
47 61
47 62
47 63
47 79
47 87
47 88
47 91
47 93
47 94
47 95
47 111
47 143
47 151
47 152
47 159
47 175
47 271
47 279
47 280
47 287
47 303
48 56
48 60
48 62
48 63
48 64
48 80
48 88
48 92
48 94
48 95
48 96
48 112
48 144
48 152
48 160
48 176
48 272
48 280
48 288
48 304
49 50
49 51
49 53
49 57
49 81
49 89
49 97
49 98
49 99
49 101
49 105
49 113
49 145
49 153
49 177
49 273
49 281
49 305
50 51
50 52
50 53
50 54
50 57
50 58
50 82
50 89
50 90
50 98
50 99
50 100
50 102
50 106
50 114
50 146
50 153
50 154
50 178
50 274
50 281
50 282
50 306
51 52
51 53
51 54
51 55
51 57
51 58
51 59
51 83
51 89
51 90
51 91
51 99
51 101
51 102
51 103
51 107
51 115
51 147
51 153
51 154
51 155
51 179
51 275
51 281
51 282
51 283
51 307
52 54
52 55
52 56
52 58
52 60
52 84
52 90
52 92
52 100
52 102
52 103
52 104
52 108
52 116
52 148
52 154
52 156
52 180
52 276
52 282
52 284
52 308
53 54
53 55
53 57
53 58
53 59
53 61
53 85
53 89
53 91
53 93
53 101
53 105
53 106
53 107
53 109
53 117
53 149
53 153
53 155
53 157
53 181
53 277
53 281
53 283
53 285
53 309
54 55
54 56
54 58
54 59
54 60
54 62
54 86
54 90
54 91
54 92
54 94
54 102
54 106
54 107
54 108
54 110
54 118
54 150
54 154
54 155
54 156
54 158
54 182
54 278
54 282
54 283
54 284
54 286
54 310
55 56
55 59
55 60
55 61
55 62
55 63
55 87
55 91
55 92
55 95
55 103
55 107
55 109
55 110
55 111
55 119
55 151
55 155
55 156
55 159
55 183
55 279
55 283
55 284
55 287
55 311
56 60
56 62
56 63
56 64
56 88
56 92
56 96
56 104
56 108
56 110
56 111
56 112
56 120
56 152
56 156
56 160
56 184
56 280
56 284
56 288
56 312
57 58
57 59
57 61
57 89
57 93
57 105
57 113
57 114
57 115
57 117
57 121
57 153
57 157
57 185
57 281
57 285
57 313
58 59
58 60
58 61
58 62
58 90
58 93
58 94
58 106
58 114
58 115
58 116
58 118
58 122
58 154
58 157
58 158
58 186
58 282
58 285
58 286
58 314
59 60
59 61
59 62
59 63
59 91
59 93
59 94
59 95
59 107
59 115
59 117
59 118
59 119
59 123
59 155
59 157
59 158
59 159
59 187
59 283
59 285
59 286
59 287
59 315
60 62
60 63
60 64
60 92
60 94
60 96
60 108
60 116
60 118
60 119
60 120
60 124
60 156
60 158
60 160
60 188
60 284
60 286
60 288
60 316
61 62
61 63
61 93
61 95
61 109
61 117
61 121
61 122
61 123
61 125
61 157
61 159
61 189
61 285
61 287
61 317
62 63
62 64
62 94
62 95
62 96
62 110
62 118
62 122
62 123
62 124
62 126
62 158
62 159
62 160
62 190
62 286
62 287
62 288
62 318
63 64
63 95
63 96
63 111
63 119
63 123
63 125
63 126
63 127
63 159
63 160
63 191
63 287
63 288
63 319
64 96
64 112
64 120
64 124
64 126
64 127
64 128
64 160
64 192
64 288
64 320
65 66
65 67
65 69
65 73
65 81
65 97
65 129
65 130
65 131
65 133
65 137
65 145
65 161
65 193
65 257
65 289
65 321
66 67
66 68
66 69
66 70
66 73
66 74
66 81
66 82
66 97
66 98
66 130
66 131
66 132
66 134
66 138
66 146
66 161
66 162
66 194
66 258
66 289
66 290
66 322
67 68
67 69
67 70
67 71
67 73
67 74
67 75
67 81
67 82
67 83
67 97
67 98
67 99
67 131
67 133
67 134
67 135
67 139
67 147
67 161
67 162
67 163
67 195
67 259
67 289
67 290
67 291
67 323
68 70
68 71
68 72
68 74
68 76
68 82
68 84
68 98
68 100
68 132
68 134
68 135
68 136
68 140
68 148
68 162
68 164
68 196
68 260
68 290
68 292
68 324
69 70
69 71
69 73
69 74
69 75
69 77
69 81
69 83
69 85
69 97
69 99
69 101
69 133
69 137
69 138
69 139
69 141
69 149
69 161
69 163
69 165
69 197
69 261
69 289
69 291
69 293
69 325
70 71
70 72
70 74
70 75
70 76
70 78
70 82
70 83
70 84
70 86
70 98
70 99
70 100
70 102
70 134
70 138
70 139
70 140
70 142
70 150
70 162
70 163
70 164
70 166
70 198
70 262
70 290
70 291
70 292
70 294
70 326
71 72
71 75
71 76
71 77
71 78
71 79
71 83
71 84
71 87
71 99
71 100
71 103
71 135
71 139
71 141
71 142
71 143
71 151
71 163
71 164
71 167
71 199
71 263
71 291
71 292
71 295
71 327
72 76
72 78
72 79
72 80
72 84
72 88
72 100
72 104
72 136
72 140
72 142
72 143
72 144
72 152
72 164
72 168
72 200
72 264
72 292
72 296
72 328
73 74
73 75
73 77
73 81
73 82
73 83
73 85
73 89
73 97
73 101
73 105
73 137
73 145
73 146
73 147
73 149
73 153
73 161
73 165
73 169
73 201
73 265
73 289
73 293
73 297
73 329
74 75
74 76
74 77
74 78
74 82
74 83
74 84
74 85
74 86
74 90
74 98
74 101
74 102
74 106
74 138
74 146
74 147
74 148
74 150
74 154
74 162
74 165
74 166
74 170
74 202
74 266
74 290
74 293
74 294
74 298
74 330
75 76
75 77
75 78
75 79
75 83
75 85
75 86
75 87
75 91
75 99
75 101
75 102
75 103
75 107
75 139
75 147
75 149
75 150
75 151
75 155
75 163
75 165
75 166
75 167
75 171
75 203
75 267
75 291
75 293
75 294
75 295
75 299
75 331
76 78
76 79
76 80
76 84
76 86
76 87
76 88
76 92
76 100
76 102
76 104
76 108
76 140
76 148
76 150
76 151
76 152
76 156
76 164
76 166
76 168
76 172
76 204
76 268
76 292
76 294
76 296
76 300
76 332
77 78
77 79
77 85
77 87
77 89
77 90
77 91
77 93
77 101
77 103
77 109
77 141
77 149
77 153
77 154
77 155
77 157
77 165
77 167
77 173
77 205
77 269
77 293
77 295
77 301
77 333
78 79
78 80
78 86
78 87
78 88
78 90
78 91
78 92
78 94
78 102
78 103
78 104
78 110
78 142
78 150
78 154
78 155
78 156
78 158
78 166
78 167
78 168
78 174
78 206
78 270
78 294
78 295
78 296
78 302
78 334
79 80
79 87
79 88
79 91
79 93
79 94
79 95
79 103
79 104
79 111
79 143
79 151
79 155
79 157
79 158
79 159
79 167
79 168
79 175
79 207
79 271
79 295
79 296
79 303
79 335
80 88
80 92
80 94
80 95
80 96
80 104
80 112
80 144
80 152
80 156
80 158
80 159
80 160
80 168
80 176
80 208
80 272
80 296
80 304
80 336
81 82
81 83
81 85
81 89
81 97
81 98
81 99
81 101
81 105
81 113
81 145
81 161
81 162
81 163
81 165
81 169
81 177
81 209
81 273
81 289
81 297
81 305
81 337
82 83
82 84
82 85
82 86
82 89
82 90
82 98
82 99
82 100
82 102
82 105
82 106
82 114
82 146
82 162
82 163
82 164
82 166
82 169
82 170
82 178
82 210
82 274
82 290
82 297
82 298
82 306
82 338
83 84
83 85
83 86
83 87
83 89
83 90
83 91
83 99
83 101
83 102
83 103
83 105
83 106
83 107
83 115
83 147
83 163
83 165
83 166
83 167
83 169
83 170
83 171
83 179
83 211
83 275
83 291
83 297
83 298
83 299
83 307
83 339
84 86
84 87
84 88
84 90
84 92
84 100
84 102
84 103
84 104
84 106
84 108
84 116
84 148
84 164
84 166
84 167
84 168
84 170
84 172
84 180
84 212
84 276
84 292
84 298
84 300
84 308
84 340
85 86
85 87
85 89
85 90
85 91
85 93
85 101
85 105
85 106
85 107
85 109
85 117
85 149
85 165
85 169
85 170
85 171
85 173
85 181
85 213
85 277
85 293
85 297
85 299
85 301
85 309
85 341
86 87
86 88
86 90
86 91
86 92
86 94
86 102
86 106
86 107
86 108
86 110
86 118
86 150
86 166
86 170
86 171
86 172
86 174
86 182
86 214
86 278
86 294
86 298
86 299
86 300
86 302
86 310
86 342
87 88
87 91
87 92
87 93
87 94
87 95
87 103
87 107
87 108
87 109
87 110
87 111
87 119
87 151
87 167
87 171
87 172
87 173
87 174
87 175
87 183
87 215
87 279
87 295
87 299
87 300
87 303
87 311
87 343
88 92
88 94
88 95
88 96
88 104
88 108
88 110
88 111
88 112
88 120
88 152
88 168
88 172
88 174
88 175
88 176
88 184
88 216
88 280
88 296
88 300
88 304
88 312
88 344
89 90
89 91
89 93
89 105
89 109
89 113
89 114
89 115
89 117
89 121
89 153
89 169
89 173
89 177
89 178
89 179
89 181
89 185
89 217
89 281
89 297
89 301
89 313
89 345
90 91
90 92
90 93
90 94
90 106
90 109
90 110
90 114
90 115
90 116
90 118
90 122
90 154
90 170
90 173
90 174
90 178
90 179
90 180
90 182
90 186
90 218
90 282
90 298
90 301
90 302
90 314
90 346
91 92
91 93
91 94
91 95
91 107
91 109
91 110
91 111
91 115
91 117
91 118
91 119
91 123
91 155
91 171
91 173
91 174
91 175
91 179
91 181
91 182
91 183
91 187
91 219
91 283
91 299
91 301
91 302
91 303
91 315
91 347
92 94
92 95
92 96
92 108
92 110
92 112
92 116
92 118
92 119
92 120
92 124
92 156
92 172
92 174
92 176
92 180
92 182
92 183
92 184
92 188
92 220
92 284
92 300
92 302
92 304
92 316
92 348
93 94
93 95
93 109
93 111
93 117
93 121
93 122
93 123
93 125
93 157
93 173
93 175
93 181
93 185
93 186
93 187
93 189
93 221
93 285
93 301
93 303
93 317
93 349
94 95
94 96
94 110
94 111
94 112
94 118
94 122
94 123
94 124
94 126
94 158
94 174
94 175
94 176
94 182
94 186
94 187
94 188
94 190
94 222
94 286
94 302
94 303
94 304
94 318
94 350
95 96
95 111
95 112
95 119
95 123
95 125
95 126
95 127
95 159
95 175
95 176
95 183
95 187
95 189
95 190
95 191
95 223
95 287
95 303
95 304
95 319
95 351
96 112
96 120
96 124
96 126
96 127
96 128
96 160
96 176
96 184
96 188
96 190
96 191
96 192
96 224
96 288
96 304
96 320
96 352
97 98
97 99
97 101
97 105
97 113
97 161
97 177
97 193
97 194
97 195
97 197
97 201
97 209
97 225
97 289
97 305
97 353
98 99
98 100
98 101
98 102
98 105
98 106
98 113
98 114
98 162
98 177
98 178
98 194
98 195
98 196
98 198
98 202
98 210
98 226
98 290
98 305
98 306
98 354
99 100
99 101
99 102
99 103
99 105
99 106
99 107
99 113
99 114
99 115
99 163
99 177
99 178
99 179
99 195
99 197
99 198
99 199
99 203
99 211
99 227
99 291
99 305
99 306
99 307
99 355
100 102
100 103
100 104
100 106
100 108
100 114
100 116
100 164
100 178
100 180
100 196
100 198
100 199
100 200
100 204
100 212
100 228
100 292
100 306
100 308
100 356
101 102
101 103
101 105
101 106
101 107
101 109
101 113
101 115
101 117
101 165
101 177
101 179
101 181
101 197
101 201
101 202
101 203
101 205
101 213
101 229
101 293
101 305
101 307
101 309
101 357
102 103
102 104
102 106
102 107
102 108
102 110
102 114
102 115
102 116
102 118
102 166
102 178
102 179
102 180
102 182
102 198
102 202
102 203
102 204
102 206
102 214
102 230
102 294
102 306
102 307
102 308
102 310
102 358
103 104
103 107
103 108
103 109
103 110
103 111
103 115
103 116
103 119
103 167
103 179
103 180
103 183
103 199
103 203
103 205
103 206
103 207
103 215
103 231
103 295
103 307
103 308
103 311
103 359
104 108
104 110
104 111
104 112
104 116
104 120
104 168
104 180
104 184
104 200
104 204
104 206
104 207
104 208
104 216
104 232
104 296
104 308
104 312
104 360
105 106
105 107
105 109
105 113
105 114
105 115
105 117
105 121
105 169
105 177
105 181
105 185
105 201
105 209
105 210
105 211
105 213
105 217
105 233
105 297
105 305
105 309
105 313
105 361
106 107
106 108
106 109
106 110
106 114
106 115
106 116
106 117
106 118
106 122
106 170
106 178
106 181
106 182
106 186
106 202
106 210
106 211
106 212
106 214
106 218
106 234
106 298
106 306
106 309
106 310
106 314
106 362
107 108
107 109
107 110
107 111
107 115
107 117
107 118
107 119
107 123
107 171
107 179
107 181
107 182
107 183
107 187
107 203
107 211
107 213
107 214
107 215
107 219
107 235
107 299
107 307
107 309
107 310
107 311
107 315
107 363
108 110
108 111
108 112
108 116
108 118
108 119
108 120
108 124
108 172
108 180
108 182
108 184
108 188
108 204
108 212
108 214
108 215
108 216
108 220
108 236
108 300
108 308
108 310
108 312
108 316
108 364
109 110
109 111
109 117
109 119
109 121
109 122
109 123
109 125
109 173
109 181
109 183
109 189
109 205
109 213
109 217
109 218
109 219
109 221
109 237
109 301
109 309
109 311
109 317
109 365
110 111
110 112
110 118
110 119
110 120
110 122
110 123
110 124
110 126
110 174
110 182
110 183
110 184
110 190
110 206
110 214
110 218
110 219
110 220
110 222
110 238
110 302
110 310
110 311
110 312
110 318
110 366
111 112
111 119
111 120
111 123
111 125
111 126
111 127
111 175
111 183
111 184
111 191
111 207
111 215
111 219
111 221
111 222
111 223
111 239
111 303
111 311
111 312
111 319
111 367
112 120
112 124
112 126
112 127
112 128
112 176
112 184
112 192
112 208
112 216
112 220
112 222
112 223
112 224
112 240
112 304
112 312
112 320
112 368
113 114
113 115
113 117
113 121
113 177
113 185
113 209
113 225
113 226
113 227
113 229
113 233
113 241
113 305
113 313
113 369
114 115
114 116
114 117
114 118
114 121
114 122
114 178
114 185
114 186
114 210
114 226
114 227
114 228
114 230
114 234
114 242
114 306
114 313
114 314
114 370
115 116
115 117
115 118
115 119
115 121
115 122
115 123
115 179
115 185
115 186
115 187
115 211
115 227
115 229
115 230
115 231
115 235
115 243
115 307
115 313
115 314
115 315
115 371
116 118
116 119
116 120
116 122
116 124
116 180
116 186
116 188
116 212
116 228
116 230
116 231
116 232
116 236
116 244
116 308
116 314
116 316
116 372
117 118
117 119
117 121
117 122
117 123
117 125
117 181
117 185
117 187
117 189
117 213
117 229
117 233
117 234
117 235
117 237
117 245
117 309
117 313
117 315
117 317
117 373
118 119
118 120
118 122
118 123
118 124
118 126
118 182
118 186
118 187
118 188
118 190
118 214
118 230
118 234
118 235
118 236
118 238
118 246
118 310
118 314
118 315
118 316
118 318
118 374
119 120
119 123
119 124
119 125
119 126
119 127
119 183
119 187
119 188
119 191
119 215
119 231
119 235
119 237
119 238
119 239
119 247
119 311
119 315
119 316
119 319
119 375
120 124
120 126
120 127
120 128
120 184
120 188
120 192
120 216
120 232
120 236
120 238
120 239
120 240
120 248
120 312
120 316
120 320
120 376
121 122
121 123
121 125
121 185
121 189
121 217
121 233
121 241
121 242
121 243
121 245
121 249
121 313
121 317
121 377
122 123
122 124
122 125
122 126
122 186
122 189
122 190
122 218
122 234
122 242
122 243
122 244
122 246
122 250
122 314
122 317
122 318
122 378
123 124
123 125
123 126
123 127
123 187
123 189
123 190
123 191
123 219
123 235
123 243
123 245
123 246
123 247
123 251
123 315
123 317
123 318
123 319
123 379
124 126
124 127
124 128
124 188
124 190
124 192
124 220
124 236
124 244
124 246
124 247
124 248
124 252
124 316
124 318
124 320
124 380
125 126
125 127
125 189
125 191
125 221
125 237
125 245
125 249
125 250
125 251
125 253
125 317
125 319
125 381
126 127
126 128
126 190
126 191
126 192
126 222
126 238
126 246
126 250
126 251
126 252
126 254
126 318
126 319
126 320
126 382
127 128
127 191
127 192
127 223
127 239
127 247
127 251
127 253
127 254
127 255
127 319
127 320
127 383
128 192
128 224
128 240
128 248
128 252
128 254
128 255
128 256
128 320
128 384
129 130
129 131
129 133
129 137
129 145
129 161
129 193
129 257
129 258
129 259
129 261
129 265
129 273
129 289
129 321
129 385
130 131
130 132
130 133
130 134
130 137
130 138
130 145
130 146
130 161
130 162
130 193
130 194
130 258
130 259
130 260
130 262
130 266
130 274
130 290
130 321
130 322
130 386
131 132
131 133
131 134
131 135
131 137
131 138
131 139
131 145
131 146
131 147
131 161
131 162
131 163
131 193
131 194
131 195
131 259
131 261
131 262
131 263
131 267
131 275
131 291
131 321
131 322
131 323
131 387
132 134
132 135
132 136
132 138
132 140
132 146
132 148
132 162
132 164
132 194
132 196
132 260
132 262
132 263
132 264
132 268
132 276
132 292
132 322
132 324
132 388
133 134
133 135
133 137
133 138
133 139
133 141
133 145
133 147
133 149
133 161
133 163
133 165
133 193
133 195
133 197
133 261
133 265
133 266
133 267
133 269
133 277
133 293
133 321
133 323
133 325
133 389
134 135
134 136
134 138
134 139
134 140
134 142
134 146
134 147
134 148
134 150
134 162
134 163
134 164
134 166
134 194
134 195
134 196
134 198
134 262
134 266
134 267
134 268
134 270
134 278
134 294
134 322
134 323
134 324
134 326
134 390
135 136
135 139
135 140
135 141
135 142
135 143
135 147
135 148
135 151
135 163
135 164
135 167
135 195
135 196
135 199
135 263
135 267
135 269
135 270
135 271
135 279
135 295
135 323
135 324
135 327
135 391
136 140
136 142
136 143
136 144
136 148
136 152
136 164
136 168
136 196
136 200
136 264
136 268
136 270
136 271
136 272
136 280
136 296
136 324
136 328
136 392
137 138
137 139
137 141
137 145
137 146
137 147
137 149
137 153
137 161
137 165
137 169
137 193
137 197
137 201
137 265
137 273
137 274
137 275
137 277
137 281
137 297
137 321
137 325
137 329
137 393
138 139
138 140
138 141
138 142
138 146
138 147
138 148
138 149
138 150
138 154
138 162
138 165
138 166
138 170
138 194
138 197
138 198
138 202
138 266
138 274
138 275
138 276
138 278
138 282
138 298
138 322
138 325
138 326
138 330
138 394
139 140
139 141
139 142
139 143
139 147
139 149
139 150
139 151
139 155
139 163
139 165
139 166
139 167
139 171
139 195
139 197
139 198
139 199
139 203
139 267
139 275
139 277
139 278
139 279
139 283
139 299
139 323
139 325
139 326
139 327
139 331
139 395
140 142
140 143
140 144
140 148
140 150
140 151
140 152
140 156
140 164
140 166
140 168
140 172
140 196
140 198
140 200
140 204
140 268
140 276
140 278
140 279
140 280
140 284
140 300
140 324
140 326
140 328
140 332
140 396
141 142
141 143
141 149
141 151
141 153
141 154
141 155
141 157
141 165
141 167
141 173
141 197
141 199
141 205
141 269
141 277
141 281
141 282
141 283
141 285
141 301
141 325
141 327
141 333
141 397
142 143
142 144
142 150
142 151
142 152
142 154
142 155
142 156
142 158
142 166
142 167
142 168
142 174
142 198
142 199
142 200
142 206
142 270
142 278
142 282
142 283
142 284
142 286
142 302
142 326
142 327
142 328
142 334
142 398
143 144
143 151
143 152
143 155
143 157
143 158
143 159
143 167
143 168
143 175
143 199
143 200
143 207
143 271
143 279
143 283
143 285
143 286
143 287
143 303
143 327
143 328
143 335
143 399
144 152
144 156
144 158
144 159
144 160
144 168
144 176
144 200
144 208
144 272
144 280
144 284
144 286
144 287
144 288
144 304
144 328
144 336
144 400
145 146
145 147
145 149
145 153
145 161
145 162
145 163
145 165
145 169
145 177
145 193
145 201
145 209
145 273
145 289
145 290
145 291
145 293
145 297
145 305
145 321
145 329
145 337
145 401
146 147
146 148
146 149
146 150
146 153
146 154
146 162
146 163
146 164
146 166
146 169
146 170
146 178
146 194
146 201
146 202
146 210
146 274
146 290
146 291
146 292
146 294
146 298
146 306
146 322
146 329
146 330
146 338
146 402
147 148
147 149
147 150
147 151
147 153
147 154
147 155
147 163
147 165
147 166
147 167
147 169
147 170
147 171
147 179
147 195
147 201
147 202
147 203
147 211
147 275
147 291
147 293
147 294
147 295
147 299
147 307
147 323
147 329
147 330
147 331
147 339
147 403
148 150
148 151
148 152
148 154
148 156
148 164
148 166
148 167
148 168
148 170
148 172
148 180
148 196
148 202
148 204
148 212
148 276
148 292
148 294
148 295
148 296
148 300
148 308
148 324
148 330
148 332
148 340
148 404
149 150
149 151
149 153
149 154
149 155
149 157
149 165
149 169
149 170
149 171
149 173
149 181
149 197
149 201
149 203
149 205
149 213
149 277
149 293
149 297
149 298
149 299
149 301
149 309
149 325
149 329
149 331
149 333
149 341
149 405
150 151
150 152
150 154
150 155
150 156
150 158
150 166
150 170
150 171
150 172
150 174
150 182
150 198
150 202
150 203
150 204
150 206
150 214
150 278
150 294
150 298
150 299
150 300
150 302
150 310
150 326
150 330
150 331
150 332
150 334
150 342
150 406
151 152
151 155
151 156
151 157
151 158
151 159
151 167
151 171
151 172
151 173
151 174
151 175
151 183
151 199
151 203
151 204
151 207
151 215
151 279
151 295
151 299
151 301
151 302
151 303
151 311
151 327
151 331
151 332
151 335
151 343
151 407
152 156
152 158
152 159
152 160
152 168
152 172
152 174
152 175
152 176
152 184
152 200
152 204
152 208
152 216
152 280
152 296
152 300
152 302
152 303
152 304
152 312
152 328
152 332
152 336
152 344
152 408
153 154
153 155
153 157
153 169
153 173
153 177
153 178
153 179
153 181
153 185
153 201
153 205
153 217
153 281
153 297
153 305
153 306
153 307
153 309
153 313
153 329
153 333
153 345
153 409
154 155
154 156
154 157
154 158
154 170
154 173
154 174
154 178
154 179
154 180
154 182
154 186
154 202
154 205
154 206
154 218
154 282
154 298
154 306
154 307
154 308
154 310
154 314
154 330
154 333
154 334
154 346
154 410
155 156
155 157
155 158
155 159
155 171
155 173
155 174
155 175
155 179
155 181
155 182
155 183
155 187
155 203
155 205
155 206
155 207
155 219
155 283
155 299
155 307
155 309
155 310
155 311
155 315
155 331
155 333
155 334
155 335
155 347
155 411
156 158
156 159
156 160
156 172
156 174
156 176
156 180
156 182
156 183
156 184
156 188
156 204
156 206
156 208
156 220
156 284
156 300
156 308
156 310
156 311
156 312
156 316
156 332
156 334
156 336
156 348
156 412
157 158
157 159
157 173
157 175
157 181
157 185
157 186
157 187
157 189
157 205
157 207
157 221
157 285
157 301
157 309
157 313
157 314
157 315
157 317
157 333
157 335
157 349
157 413
158 159
158 160
158 174
158 175
158 176
158 182
158 186
158 187
158 188
158 190
158 206
158 207
158 208
158 222
158 286
158 302
158 310
158 314
158 315
158 316
158 318
158 334
158 335
158 336
158 350
158 414
159 160
159 175
159 176
159 183
159 187
159 189
159 190
159 191
159 207
159 208
159 223
159 287
159 303
159 311
159 315
159 317
159 318
159 319
159 335
159 336
159 351
159 415
160 176
160 184
160 188
160 190
160 191
160 192
160 208
160 224
160 288
160 304
160 312
160 316
160 318
160 319
160 320
160 336
160 352
160 416
161 162
161 163
161 165
161 169
161 177
161 193
161 194
161 195
161 197
161 201
161 209
161 225
161 289
161 321
161 322
161 323
161 325
161 329
161 337
161 353
161 417
162 163
162 164
162 165
162 166
162 169
162 170
162 177
162 178
162 194
162 195
162 196
162 198
162 202
162 209
162 210
162 226
162 290
162 322
162 323
162 324
162 326
162 330
162 337
162 338
162 354
162 418
163 164
163 165
163 166
163 167
163 169
163 170
163 171
163 177
163 178
163 179
163 195
163 197
163 198
163 199
163 203
163 209
163 210
163 211
163 227
163 291
163 323
163 325
163 326
163 327
163 331
163 337
163 338
163 339
163 355
163 419
164 166
164 167
164 168
164 170
164 172
164 178
164 180
164 196
164 198
164 199
164 200
164 204
164 210
164 212
164 228
164 292
164 324
164 326
164 327
164 328
164 332
164 338
164 340
164 356
164 420
165 166
165 167
165 169
165 170
165 171
165 173
165 177
165 179
165 181
165 197
165 201
165 202
165 203
165 205
165 209
165 211
165 213
165 229
165 293
165 325
165 329
165 330
165 331
165 333
165 337
165 339
165 341
165 357
165 421
166 167
166 168
166 170
166 171
166 172
166 174
166 178
166 179
166 180
166 182
166 198
166 202
166 203
166 204
166 206
166 210
166 211
166 212
166 214
166 230
166 294
166 326
166 330
166 331
166 332
166 334
166 338
166 339
166 340
166 342
166 358
166 422
167 168
167 171
167 172
167 173
167 174
167 175
167 179
167 180
167 183
167 199
167 203
167 205
167 206
167 207
167 211
167 212
167 215
167 231
167 295
167 327
167 331
167 333
167 334
167 335
167 339
167 340
167 343
167 359
167 423
168 172
168 174
168 175
168 176
168 180
168 184
168 200
168 204
168 206
168 207
168 208
168 212
168 216
168 232
168 296
168 328
168 332
168 334
168 335
168 336
168 340
168 344
168 360
168 424
169 170
169 171
169 173
169 177
169 178
169 179
169 181
169 185
169 201
169 209
169 210
169 211
169 213
169 217
169 233
169 297
169 329
169 337
169 338
169 339
169 341
169 345
169 361
169 425
170 171
170 172
170 173
170 174
170 178
170 179
170 180
170 181
170 182
170 186
170 202
170 210
170 211
170 212
170 213
170 214
170 218
170 234
170 298
170 330
170 338
170 339
170 340
170 341
170 342
170 346
170 362
170 426
171 172
171 173
171 174
171 175
171 179
171 181
171 182
171 183
171 187
171 203
171 211
171 213
171 214
171 215
171 219
171 235
171 299
171 331
171 339
171 341
171 342
171 343
171 347
171 363
171 427
172 174
172 175
172 176
172 180
172 182
172 183
172 184
172 188
172 204
172 212
172 214
172 215
172 216
172 220
172 236
172 300
172 332
172 340
172 342
172 343
172 344
172 348
172 364
172 428
173 174
173 175
173 181
173 183
173 185
173 186
173 187
173 189
173 205
173 213
173 215
173 217
173 218
173 219
173 221
173 237
173 301
173 333
173 341
173 343
173 345
173 346
173 347
173 349
173 365
173 429
174 175
174 176
174 182
174 183
174 184
174 186
174 187
174 188
174 190
174 206
174 214
174 215
174 216
174 218
174 219
174 220
174 222
174 238
174 302
174 334
174 342
174 343
174 344
174 346
174 347
174 348
174 350
174 366
174 430
175 176
175 183
175 184
175 187
175 189
175 190
175 191
175 207
175 215
175 216
175 219
175 221
175 222
175 223
175 239
175 303
175 335
175 343
175 344
175 347
175 349
175 350
175 351
175 367
175 431
176 184
176 188
176 190
176 191
176 192
176 208
176 216
176 220
176 222
176 223
176 224
176 240
176 304
176 336
176 344
176 348
176 350
176 351
176 352
176 368
176 432
177 178
177 179
177 181
177 185
177 209
177 217
177 225
177 226
177 227
177 229
177 233
177 241
177 305
177 337
177 345
177 353
177 354
177 355
177 357
177 361
177 369
177 433
178 179
178 180
178 181
178 182
178 185
178 186
178 210
178 217
178 218
178 226
178 227
178 228
178 230
178 234
178 242
178 306
178 338
178 345
178 346
178 354
178 355
178 356
178 358
178 362
178 370
178 434
179 180
179 181
179 182
179 183
179 185
179 186
179 187
179 211
179 217
179 218
179 219
179 227
179 229
179 230
179 231
179 235
179 243
179 307
179 339
179 345
179 346
179 347
179 355
179 357
179 358
179 359
179 363
179 371
179 435
180 182
180 183
180 184
180 186
180 188
180 212
180 218
180 220
180 228
180 230
180 231
180 232
180 236
180 244
180 308
180 340
180 346
180 348
180 356
180 358
180 359
180 360
180 364
180 372
180 436
181 182
181 183
181 185
181 186
181 187
181 189
181 213
181 217
181 219
181 221
181 229
181 233
181 234
181 235
181 237
181 245
181 309
181 341
181 345
181 347
181 349
181 357
181 361
181 362
181 363
181 365
181 373
181 437
182 183
182 184
182 186
182 187
182 188
182 190
182 214
182 218
182 219
182 220
182 222
182 230
182 234
182 235
182 236
182 238
182 246
182 310
182 342
182 346
182 347
182 348
182 350
182 358
182 362
182 363
182 364
182 366
182 374
182 438
183 184
183 187
183 188
183 189
183 190
183 191
183 215
183 219
183 220
183 223
183 231
183 235
183 237
183 238
183 239
183 247
183 311
183 343
183 347
183 348
183 351
183 359
183 363
183 365
183 366
183 367
183 375
183 439
184 188
184 190
184 191
184 192
184 216
184 220
184 224
184 232
184 236
184 238
184 239
184 240
184 248
184 312
184 344
184 348
184 352
184 360
184 364
184 366
184 367
184 368
184 376
184 440
185 186
185 187
185 189
185 217
185 221
185 233
185 241
185 242
185 243
185 245
185 249
185 313
185 345
185 349
185 361
185 369
185 370
185 371
185 373
185 377
185 441
186 187
186 188
186 189
186 190
186 218
186 221
186 222
186 234
186 242
186 243
186 244
186 246
186 250
186 314
186 346
186 349
186 350
186 362
186 370
186 371
186 372
186 374
186 378
186 442
187 188
187 189
187 190
187 191
187 219
187 221
187 222
187 223
187 235
187 243
187 245
187 246
187 247
187 251
187 315
187 347
187 349
187 350
187 351
187 363
187 371
187 373
187 374
187 375
187 379
187 443
188 190
188 191
188 192
188 220
188 222
188 224
188 236
188 244
188 246
188 247
188 248
188 252
188 316
188 348
188 350
188 352
188 364
188 372
188 374
188 375
188 376
188 380
188 444
189 190
189 191
189 221
189 223
189 237
189 245
189 249
189 250
189 251
189 253
189 317
189 349
189 351
189 365
189 373
189 377
189 378
189 379
189 381
189 445
190 191
190 192
190 222
190 223
190 224
190 238
190 246
190 250
190 251
190 252
190 254
190 318
190 350
190 351
190 352
190 366
190 374
190 378
190 379
190 380
190 382
190 446
191 192
191 223
191 224
191 239
191 247
191 251
191 253
191 254
191 255
191 319
191 351
191 352
191 367
191 375
191 379
191 381
191 382
191 383
191 447
192 224
192 240
192 248
192 252
192 254
192 255
192 256
192 320
192 352
192 368
192 376
192 380
192 382
192 383
192 384
192 448
193 194
193 195
193 197
193 201
193 209
193 225
193 321
193 353
193 385
193 386
193 387
193 389
193 393
193 401
193 417
193 449
194 195
194 196
194 197
194 198
194 201
194 202
194 209
194 210
194 225
194 226
194 322
194 353
194 354
194 386
194 387
194 388
194 390
194 394
194 402
194 418
194 450
195 196
195 197
195 198
195 199
195 201
195 202
195 203
195 209
195 210
195 211
195 225
195 226
195 227
195 323
195 353
195 354
195 355
195 387
195 389
195 390
195 391
195 395
195 403
195 419
195 451
196 198
196 199
196 200
196 202
196 204
196 210
196 212
196 226
196 228
196 324
196 354
196 356
196 388
196 390
196 391
196 392
196 396
196 404
196 420
196 452
197 198
197 199
197 201
197 202
197 203
197 205
197 209
197 211
197 213
197 225
197 227
197 229
197 325
197 353
197 355
197 357
197 389
197 393
197 394
197 395
197 397
197 405
197 421
197 453
198 199
198 200
198 202
198 203
198 204
198 206
198 210
198 211
198 212
198 214
198 226
198 227
198 228
198 230
198 326
198 354
198 355
198 356
198 358
198 390
198 394
198 395
198 396
198 398
198 406
198 422
198 454
199 200
199 203
199 204
199 205
199 206
199 207
199 211
199 212
199 215
199 227
199 228
199 231
199 327
199 355
199 356
199 359
199 391
199 395
199 397
199 398
199 399
199 407
199 423
199 455
200 204
200 206
200 207
200 208
200 212
200 216
200 228
200 232
200 328
200 356
200 360
200 392
200 396
200 398
200 399
200 400
200 408
200 424
200 456
201 202
201 203
201 205
201 209
201 210
201 211
201 213
201 217
201 225
201 229
201 233
201 329
201 353
201 357
201 361
201 393
201 401
201 402
201 403
201 405
201 409
201 425
201 457
202 203
202 204
202 205
202 206
202 210
202 211
202 212
202 213
202 214
202 218
202 226
202 229
202 230
202 234
202 330
202 354
202 357
202 358
202 362
202 394
202 402
202 403
202 404
202 406
202 410
202 426
202 458
203 204
203 205
203 206
203 207
203 211
203 213
203 214
203 215
203 219
203 227
203 229
203 230
203 231
203 235
203 331
203 355
203 357
203 358
203 359
203 363
203 395
203 403
203 405
203 406
203 407
203 411
203 427
203 459
204 206
204 207
204 208
204 212
204 214
204 215
204 216
204 220
204 228
204 230
204 232
204 236
204 332
204 356
204 358
204 360
204 364
204 396
204 404
204 406
204 407
204 408
204 412
204 428
204 460
205 206
205 207
205 213
205 215
205 217
205 218
205 219
205 221
205 229
205 231
205 237
205 333
205 357
205 359
205 365
205 397
205 405
205 409
205 410
205 411
205 413
205 429
205 461
206 207
206 208
206 214
206 215
206 216
206 218
206 219
206 220
206 222
206 230
206 231
206 232
206 238
206 334
206 358
206 359
206 360
206 366
206 398
206 406
206 410
206 411
206 412
206 414
206 430
206 462
207 208
207 215
207 216
207 219
207 221
207 222
207 223
207 231
207 232
207 239
207 335
207 359
207 360
207 367
207 399
207 407
207 411
207 413
207 414
207 415
207 431
207 463
208 216
208 220
208 222
208 223
208 224
208 232
208 240
208 336
208 360
208 368
208 400
208 408
208 412
208 414
208 415
208 416
208 432
208 464
209 210
209 211
209 213
209 217
209 225
209 226
209 227
209 229
209 233
209 241
209 337
209 353
209 361
209 369
209 401
209 417
209 418
209 419
209 421
209 425
209 433
209 465
210 211
210 212
210 213
210 214
210 217
210 218
210 226
210 227
210 228
210 230
210 233
210 234
210 242
210 338
210 354
210 361
210 362
210 370
210 402
210 418
210 419
210 420
210 422
210 426
210 434
210 466
211 212
211 213
211 214
211 215
211 217
211 218
211 219
211 227
211 229
211 230
211 231
211 233
211 234
211 235
211 243
211 339
211 355
211 361
211 362
211 363
211 371
211 403
211 419
211 421
211 422
211 423
211 427
211 435
211 467
212 214
212 215
212 216
212 218
212 220
212 228
212 230
212 231
212 232
212 234
212 236
212 244
212 340
212 356
212 362
212 364
212 372
212 404
212 420
212 422
212 423
212 424
212 428
212 436
212 468
213 214
213 215
213 217
213 218
213 219
213 221
213 229
213 233
213 234
213 235
213 237
213 245
213 341
213 357
213 361
213 363
213 365
213 373
213 405
213 421
213 425
213 426
213 427
213 429
213 437
213 469
214 215
214 216
214 218
214 219
214 220
214 222
214 230
214 234
214 235
214 236
214 238
214 246
214 342
214 358
214 362
214 363
214 364
214 366
214 374
214 406
214 422
214 426
214 427
214 428
214 430
214 438
214 470
215 216
215 219
215 220
215 221
215 222
215 223
215 231
215 235
215 236
215 237
215 238
215 239
215 247
215 343
215 359
215 363
215 364
215 367
215 375
215 407
215 423
215 427
215 429
215 430
215 431
215 439
215 471
216 220
216 222
216 223
216 224
216 232
216 236
216 238
216 239
216 240
216 248
216 344
216 360
216 364
216 368
216 376
216 408
216 424
216 428
216 430
216 431
216 432
216 440
216 472
217 218
217 219
217 221
217 233
217 237
217 241
217 242
217 243
217 245
217 249
217 345
217 361
217 365
217 377
217 409
217 425
217 433
217 434
217 435
217 437
217 441
217 473
218 219
218 220
218 221
218 222
218 234
218 237
218 238
218 242
218 243
218 244
218 246
218 250
218 346
218 362
218 365
218 366
218 378
218 410
218 426
218 434
218 435
218 436
218 438
218 442
218 474
219 220
219 221
219 222
219 223
219 235
219 237
219 238
219 239
219 243
219 245
219 246
219 247
219 251
219 347
219 363
219 365
219 366
219 367
219 379
219 411
219 427
219 435
219 437
219 438
219 439
219 443
219 475
220 222
220 223
220 224
220 236
220 238
220 240
220 244
220 246
220 247
220 248
220 252
220 348
220 364
220 366
220 368
220 380
220 412
220 428
220 436
220 438
220 439
220 440
220 444
220 476
221 222
221 223
221 237
221 239
221 245
221 249
221 250
221 251
221 253
221 349
221 365
221 367
221 381
221 413
221 429
221 437
221 441
221 442
221 443
221 445
221 477
222 223
222 224
222 238
222 239
222 240
222 246
222 250
222 251
222 252
222 254
222 350
222 366
222 367
222 368
222 382
222 414
222 430
222 438
222 442
222 443
222 444
222 446
222 478
223 224
223 239
223 240
223 247
223 251
223 253
223 254
223 255
223 351
223 367
223 368
223 383
223 415
223 431
223 439
223 443
223 445
223 446
223 447
223 479
224 240
224 248
224 252
224 254
224 255
224 256
224 352
224 368
224 384
224 416
224 432
224 440
224 444
224 446
224 447
224 448
224 480
225 226
225 227
225 229
225 233
225 241
225 353
225 369
225 417
225 449
225 450
225 451
225 453
225 457
225 465
225 481
226 227
226 228
226 229
226 230
226 233
226 234
226 241
226 242
226 354
226 369
226 370
226 418
226 450
226 451
226 452
226 454
226 458
226 466
226 482
227 228
227 229
227 230
227 231
227 233
227 234
227 235
227 241
227 242
227 243
227 355
227 369
227 370
227 371
227 419
227 451
227 453
227 454
227 455
227 459
227 467
227 483
228 230
228 231
228 232
228 234
228 236
228 242
228 244
228 356
228 370
228 372
228 420
228 452
228 454
228 455
228 456
228 460
228 468
228 484
229 230
229 231
229 233
229 234
229 235
229 237
229 241
229 243
229 245
229 357
229 369
229 371
229 373
229 421
229 453
229 457
229 458
229 459
229 461
229 469
229 485
230 231
230 232
230 234
230 235
230 236
230 238
230 242
230 243
230 244
230 246
230 358
230 370
230 371
230 372
230 374
230 422
230 454
230 458
230 459
230 460
230 462
230 470
230 486
231 232
231 235
231 236
231 237
231 238
231 239
231 243
231 244
231 247
231 359
231 371
231 372
231 375
231 423
231 455
231 459
231 461
231 462
231 463
231 471
231 487
232 236
232 238
232 239
232 240
232 244
232 248
232 360
232 372
232 376
232 424
232 456
232 460
232 462
232 463
232 464
232 472
232 488
233 234
233 235
233 237
233 241
233 242
233 243
233 245
233 249
233 361
233 369
233 373
233 377
233 425
233 457
233 465
233 466
233 467
233 469
233 473
233 489
234 235
234 236
234 237
234 238
234 242
234 243
234 244
234 245
234 246
234 250
234 362
234 370
234 373
234 374
234 378
234 426
234 458
234 466
234 467
234 468
234 470
234 474
234 490
235 236
235 237
235 238
235 239
235 243
235 245
235 246
235 247
235 251
235 363
235 371
235 373
235 374
235 375
235 379
235 427
235 459
235 467
235 469
235 470
235 471
235 475
235 491
236 238
236 239
236 240
236 244
236 246
236 247
236 248
236 252
236 364
236 372
236 374
236 376
236 380
236 428
236 460
236 468
236 470
236 471
236 472
236 476
236 492
237 238
237 239
237 245
237 247
237 249
237 250
237 251
237 253
237 365
237 373
237 375
237 381
237 429
237 461
237 469
237 473
237 474
237 475
237 477
237 493
238 239
238 240
238 246
238 247
238 248
238 250
238 251
238 252
238 254
238 366
238 374
238 375
238 376
238 382
238 430
238 462
238 470
238 474
238 475
238 476
238 478
238 494
239 240
239 247
239 248
239 251
239 253
239 254
239 255
239 367
239 375
239 376
239 383
239 431
239 463
239 471
239 475
239 477
239 478
239 479
239 495
240 248
240 252
240 254
240 255
240 256
240 368
240 376
240 384
240 432
240 464
240 472
240 476
240 478
240 479
240 480
240 496
241 242
241 243
241 245
241 249
241 369
241 377
241 433
241 465
241 481
241 482
241 483
241 485
241 489
241 497
242 243
242 244
242 245
242 246
242 249
242 250
242 370
242 377
242 378
242 434
242 466
242 482
242 483
242 484
242 486
242 490
242 498
243 244
243 245
243 246
243 247
243 249
243 250
243 251
243 371
243 377
243 378
243 379
243 435
243 467
243 483
243 485
243 486
243 487
243 491
243 499
244 246
244 247
244 248
244 250
244 252
244 372
244 378
244 380
244 436
244 468
244 484
244 486
244 487
244 488
244 492
244 500
245 246
245 247
245 249
245 250
245 251
245 253
245 373
245 377
245 379
245 381
245 437
245 469
245 485
245 489
245 490
245 491
245 493
245 501
246 247
246 248
246 250
246 251
246 252
246 254
246 374
246 378
246 379
246 380
246 382
246 438
246 470
246 486
246 490
246 491
246 492
246 494
246 502
247 248
247 251
247 252
247 253
247 254
247 255
247 375
247 379
247 380
247 383
247 439
247 471
247 487
247 491
247 493
247 494
247 495
247 503
248 252
248 254
248 255
248 256
248 376
248 380
248 384
248 440
248 472
248 488
248 492
248 494
248 495
248 496
248 504
249 250
249 251
249 253
249 377
249 381
249 441
249 473
249 489
249 497
249 498
249 499
249 501
249 505
250 251
250 252
250 253
250 254
250 378
250 381
250 382
250 442
250 474
250 490
250 498
250 499
250 500
250 502
250 506
251 252
251 253
251 254
251 255
251 379
251 381
251 382
251 383
251 443
251 475
251 491
251 499
251 501
251 502
251 503
251 507
252 254
252 255
252 256
252 380
252 382
252 384
252 444
252 476
252 492
252 500
252 502
252 503
252 504
252 508
253 254
253 255
253 381
253 383
253 445
253 477
253 493
253 501
253 505
253 506
253 507
253 509
254 255
254 256
254 382
254 383
254 384
254 446
254 478
254 494
254 502
254 506
254 507
254 508
254 510
255 256
255 383
255 384
255 447
255 479
255 495
255 503
255 507
255 509
255 510
255 511
256 384
256 448
256 480
256 496
256 504
256 508
256 510
256 511
256 512
257 258
257 259
257 261
257 265
257 273
257 289
257 321
257 385
258 259
258 260
258 261
258 262
258 265
258 266
258 273
258 274
258 289
258 290
258 321
258 322
258 385
258 386
259 260
259 261
259 262
259 263
259 265
259 266
259 267
259 273
259 274
259 275
259 289
259 290
259 291
259 321
259 322
259 323
259 385
259 386
259 387
260 262
260 263
260 264
260 266
260 268
260 274
260 276
260 290
260 292
260 322
260 324
260 386
260 388
261 262
261 263
261 265
261 266
261 267
261 269
261 273
261 275
261 277
261 289
261 291
261 293
261 321
261 323
261 325
261 385
261 387
261 389
262 263
262 264
262 266
262 267
262 268
262 270
262 274
262 275
262 276
262 278
262 290
262 291
262 292
262 294
262 322
262 323
262 324
262 326
262 386
262 387
262 388
262 390
263 264
263 267
263 268
263 269
263 270
263 271
263 275
263 276
263 279
263 291
263 292
263 295
263 323
263 324
263 327
263 387
263 388
263 391
264 268
264 270
264 271
264 272
264 276
264 280
264 292
264 296
264 324
264 328
264 388
264 392
265 266
265 267
265 269
265 273
265 274
265 275
265 277
265 281
265 289
265 293
265 297
265 321
265 325
265 329
265 385
265 389
265 393
266 267
266 268
266 269
266 270
266 274
266 275
266 276
266 277
266 278
266 282
266 290
266 293
266 294
266 298
266 322
266 325
266 326
266 330
266 386
266 389
266 390
266 394
267 268
267 269
267 270
267 271
267 275
267 277
267 278
267 279
267 283
267 291
267 293
267 294
267 295
267 299
267 323
267 325
267 326
267 327
267 331
267 387
267 389
267 390
267 391
267 395
268 270
268 271
268 272
268 276
268 278
268 279
268 280
268 284
268 292
268 294
268 296
268 300
268 324
268 326
268 328
268 332
268 388
268 390
268 392
268 396
269 270
269 271
269 277
269 279
269 281
269 282
269 283
269 285
269 293
269 295
269 301
269 325
269 327
269 333
269 389
269 391
269 397
270 271
270 272
270 278
270 279
270 280
270 282
270 283
270 284
270 286
270 294
270 295
270 296
270 302
270 326
270 327
270 328
270 334
270 390
270 391
270 392
270 398
271 272
271 279
271 280
271 283
271 285
271 286
271 287
271 295
271 296
271 303
271 327
271 328
271 335
271 391
271 392
271 399
272 280
272 284
272 286
272 287
272 288
272 296
272 304
272 328
272 336
272 392
272 400
273 274
273 275
273 277
273 281
273 289
273 290
273 291
273 293
273 297
273 305
273 321
273 329
273 337
273 385
273 393
273 401
274 275
274 276
274 277
274 278
274 281
274 282
274 290
274 291
274 292
274 294
274 297
274 298
274 306
274 322
274 329
274 330
274 338
274 386
274 393
274 394
274 402
275 276
275 277
275 278
275 279
275 281
275 282
275 283
275 291
275 293
275 294
275 295
275 297
275 298
275 299
275 307
275 323
275 329
275 330
275 331
275 339
275 387
275 393
275 394
275 395
275 403
276 278
276 279
276 280
276 282
276 284
276 292
276 294
276 295
276 296
276 298
276 300
276 308
276 324
276 330
276 332
276 340
276 388
276 394
276 396
276 404
277 278
277 279
277 281
277 282
277 283
277 285
277 293
277 297
277 298
277 299
277 301
277 309
277 325
277 329
277 331
277 333
277 341
277 389
277 393
277 395
277 397
277 405
278 279
278 280
278 282
278 283
278 284
278 286
278 294
278 298
278 299
278 300
278 302
278 310
278 326
278 330
278 331
278 332
278 334
278 342
278 390
278 394
278 395
278 396
278 398
278 406
279 280
279 283
279 284
279 285
279 286
279 287
279 295
279 299
279 300
279 301
279 302
279 303
279 311
279 327
279 331
279 332
279 335
279 343
279 391
279 395
279 396
279 399
279 407
280 284
280 286
280 287
280 288
280 296
280 300
280 302
280 303
280 304
280 312
280 328
280 332
280 336
280 344
280 392
280 396
280 400
280 408
281 282
281 283
281 285
281 297
281 301
281 305
281 306
281 307
281 309
281 313
281 329
281 333
281 345
281 393
281 397
281 409
282 283
282 284
282 285
282 286
282 298
282 301
282 302
282 306
282 307
282 308
282 310
282 314
282 330
282 333
282 334
282 346
282 394
282 397
282 398
282 410
283 284
283 285
283 286
283 287
283 299
283 301
283 302
283 303
283 307
283 309
283 310
283 311
283 315
283 331
283 333
283 334
283 335
283 347
283 395
283 397
283 398
283 399
283 411
284 286
284 287
284 288
284 300
284 302
284 304
284 308
284 310
284 311
284 312
284 316
284 332
284 334
284 336
284 348
284 396
284 398
284 400
284 412
285 286
285 287
285 301
285 303
285 309
285 313
285 314
285 315
285 317
285 333
285 335
285 349
285 397
285 399
285 413
286 287
286 288
286 302
286 303
286 304
286 310
286 314
286 315
286 316
286 318
286 334
286 335
286 336
286 350
286 398
286 399
286 400
286 414
287 288
287 303
287 304
287 311
287 315
287 317
287 318
287 319
287 335
287 336
287 351
287 399
287 400
287 415
288 304
288 312
288 316
288 318
288 319
288 320
288 336
288 352
288 400
288 416
289 290
289 291
289 293
289 297
289 305
289 321
289 322
289 323
289 325
289 329
289 337
289 353
289 385
289 401
289 417
290 291
290 292
290 293
290 294
290 297
290 298
290 305
290 306
290 322
290 323
290 324
290 326
290 330
290 337
290 338
290 354
290 386
290 401
290 402
290 418
291 292
291 293
291 294
291 295
291 297
291 298
291 299
291 305
291 306
291 307
291 323
291 325
291 326
291 327
291 331
291 337
291 338
291 339
291 355
291 387
291 401
291 402
291 403
291 419
292 294
292 295
292 296
292 298
292 300
292 306
292 308
292 324
292 326
292 327
292 328
292 332
292 338
292 340
292 356
292 388
292 402
292 404
292 420
293 294
293 295
293 297
293 298
293 299
293 301
293 305
293 307
293 309
293 325
293 329
293 330
293 331
293 333
293 337
293 339
293 341
293 357
293 389
293 401
293 403
293 405
293 421
294 295
294 296
294 298
294 299
294 300
294 302
294 306
294 307
294 308
294 310
294 326
294 330
294 331
294 332
294 334
294 338
294 339
294 340
294 342
294 358
294 390
294 402
294 403
294 404
294 406
294 422
295 296
295 299
295 300
295 301
295 302
295 303
295 307
295 308
295 311
295 327
295 331
295 333
295 334
295 335
295 339
295 340
295 343
295 359
295 391
295 403
295 404
295 407
295 423
296 300
296 302
296 303
296 304
296 308
296 312
296 328
296 332
296 334
296 335
296 336
296 340
296 344
296 360
296 392
296 404
296 408
296 424
297 298
297 299
297 301
297 305
297 306
297 307
297 309
297 313
297 329
297 337
297 338
297 339
297 341
297 345
297 361
297 393
297 401
297 405
297 409
297 425
298 299
298 300
298 301
298 302
298 306
298 307
298 308
298 309
298 310
298 314
298 330
298 338
298 339
298 340
298 341
298 342
298 346
298 362
298 394
298 402
298 405
298 406
298 410
298 426
299 300
299 301
299 302
299 303
299 307
299 309
299 310
299 311
299 315
299 331
299 339
299 341
299 342
299 343
299 347
299 363
299 395
299 403
299 405
299 406
299 407
299 411
299 427
300 302
300 303
300 304
300 308
300 310
300 311
300 312
300 316
300 332
300 340
300 342
300 343
300 344
300 348
300 364
300 396
300 404
300 406
300 408
300 412
300 428
301 302
301 303
301 309
301 311
301 313
301 314
301 315
301 317
301 333
301 341
301 343
301 345
301 346
301 347
301 349
301 365
301 397
301 405
301 407
301 413
301 429
302 303
302 304
302 310
302 311
302 312
302 314
302 315
302 316
302 318
302 334
302 342
302 343
302 344
302 346
302 347
302 348
302 350
302 366
302 398
302 406
302 407
302 408
302 414
302 430
303 304
303 311
303 312
303 315
303 317
303 318
303 319
303 335
303 343
303 344
303 347
303 349
303 350
303 351
303 367
303 399
303 407
303 408
303 415
303 431
304 312
304 316
304 318
304 319
304 320
304 336
304 344
304 348
304 350
304 351
304 352
304 368
304 400
304 408
304 416
304 432
305 306
305 307
305 309
305 313
305 337
305 345
305 353
305 354
305 355
305 357
305 361
305 369
305 401
305 409
305 433
306 307
306 308
306 309
306 310
306 313
306 314
306 338
306 345
306 346
306 354
306 355
306 356
306 358
306 362
306 370
306 402
306 409
306 410
306 434
307 308
307 309
307 310
307 311
307 313
307 314
307 315
307 339
307 345
307 346
307 347
307 355
307 357
307 358
307 359
307 363
307 371
307 403
307 409
307 410
307 411
307 435
308 310
308 311
308 312
308 314
308 316
308 340
308 346
308 348
308 356
308 358
308 359
308 360
308 364
308 372
308 404
308 410
308 412
308 436
309 310
309 311
309 313
309 314
309 315
309 317
309 341
309 345
309 347
309 349
309 357
309 361
309 362
309 363
309 365
309 373
309 405
309 409
309 411
309 413
309 437
310 311
310 312
310 314
310 315
310 316
310 318
310 342
310 346
310 347
310 348
310 350
310 358
310 362
310 363
310 364
310 366
310 374
310 406
310 410
310 411
310 412
310 414
310 438
311 312
311 315
311 316
311 317
311 318
311 319
311 343
311 347
311 348
311 351
311 359
311 363
311 365
311 366
311 367
311 375
311 407
311 411
311 412
311 415
311 439
312 316
312 318
312 319
312 320
312 344
312 348
312 352
312 360
312 364
312 366
312 367
312 368
312 376
312 408
312 412
312 416
312 440
313 314
313 315
313 317
313 345
313 349
313 361
313 369
313 370
313 371
313 373
313 377
313 409
313 413
313 441
314 315
314 316
314 317
314 318
314 346
314 349
314 350
314 362
314 370
314 371
314 372
314 374
314 378
314 410
314 413
314 414
314 442
315 316
315 317
315 318
315 319
315 347
315 349
315 350
315 351
315 363
315 371
315 373
315 374
315 375
315 379
315 411
315 413
315 414
315 415
315 443
316 318
316 319
316 320
316 348
316 350
316 352
316 364
316 372
316 374
316 375
316 376
316 380
316 412
316 414
316 416
316 444
317 318
317 319
317 349
317 351
317 365
317 373
317 377
317 378
317 379
317 381
317 413
317 415
317 445
318 319
318 320
318 350
318 351
318 352
318 366
318 374
318 378
318 379
318 380
318 382
318 414
318 415
318 416
318 446
319 320
319 351
319 352
319 367
319 375
319 379
319 381
319 382
319 383
319 415
319 416
319 447
320 352
320 368
320 376
320 380
320 382
320 383
320 384
320 416
320 448
321 322
321 323
321 325
321 329
321 337
321 353
321 385
321 386
321 387
321 389
321 393
321 401
321 417
321 449
322 323
322 324
322 325
322 326
322 329
322 330
322 337
322 338
322 353
322 354
322 386
322 387
322 388
322 390
322 394
322 402
322 417
322 418
322 450
323 324
323 325
323 326
323 327
323 329
323 330
323 331
323 337
323 338
323 339
323 353
323 354
323 355
323 387
323 389
323 390
323 391
323 395
323 403
323 417
323 418
323 419
323 451
324 326
324 327
324 328
324 330
324 332
324 338
324 340
324 354
324 356
324 388
324 390
324 391
324 392
324 396
324 404
324 418
324 420
324 452
325 326
325 327
325 329
325 330
325 331
325 333
325 337
325 339
325 341
325 353
325 355
325 357
325 389
325 393
325 394
325 395
325 397
325 405
325 417
325 419
325 421
325 453
326 327
326 328
326 330
326 331
326 332
326 334
326 338
326 339
326 340
326 342
326 354
326 355
326 356
326 358
326 390
326 394
326 395
326 396
326 398
326 406
326 418
326 419
326 420
326 422
326 454
327 328
327 331
327 332
327 333
327 334
327 335
327 339
327 340
327 343
327 355
327 356
327 359
327 391
327 395
327 397
327 398
327 399
327 407
327 419
327 420
327 423
327 455
328 332
328 334
328 335
328 336
328 340
328 344
328 356
328 360
328 392
328 396
328 398
328 399
328 400
328 408
328 420
328 424
328 456
329 330
329 331
329 333
329 337
329 338
329 339
329 341
329 345
329 353
329 357
329 361
329 393
329 401
329 402
329 403
329 405
329 409
329 417
329 421
329 425
329 457
330 331
330 332
330 333
330 334
330 338
330 339
330 340
330 341
330 342
330 346
330 354
330 357
330 358
330 362
330 394
330 402
330 403
330 404
330 406
330 410
330 418
330 421
330 422
330 426
330 458
331 332
331 333
331 334
331 335
331 339
331 341
331 342
331 343
331 347
331 355
331 357
331 358
331 359
331 363
331 395
331 403
331 405
331 406
331 407
331 411
331 419
331 421
331 422
331 423
331 427
331 459
332 334
332 335
332 336
332 340
332 342
332 343
332 344
332 348
332 356
332 358
332 360
332 364
332 396
332 404
332 406
332 407
332 408
332 412
332 420
332 422
332 424
332 428
332 460
333 334
333 335
333 341
333 343
333 345
333 346
333 347
333 349
333 357
333 359
333 365
333 397
333 405
333 409
333 410
333 411
333 413
333 421
333 423
333 429
333 461
334 335
334 336
334 342
334 343
334 344
334 346
334 347
334 348
334 350
334 358
334 359
334 360
334 366
334 398
334 406
334 410
334 411
334 412
334 414
334 422
334 423
334 424
334 430
334 462
335 336
335 343
335 344
335 347
335 349
335 350
335 351
335 359
335 360
335 367
335 399
335 407
335 411
335 413
335 414
335 415
335 423
335 424
335 431
335 463
336 344
336 348
336 350
336 351
336 352
336 360
336 368
336 400
336 408
336 412
336 414
336 415
336 416
336 424
336 432
336 464
337 338
337 339
337 341
337 345
337 353
337 354
337 355
337 357
337 361
337 369
337 401
337 417
337 418
337 419
337 421
337 425
337 433
337 465
338 339
338 340
338 341
338 342
338 345
338 346
338 354
338 355
338 356
338 358
338 361
338 362
338 370
338 402
338 418
338 419
338 420
338 422
338 425
338 426
338 434
338 466
339 340
339 341
339 342
339 343
339 345
339 346
339 347
339 355
339 357
339 358
339 359
339 361
339 362
339 363
339 371
339 403
339 419
339 421
339 422
339 423
339 425
339 426
339 427
339 435
339 467
340 342
340 343
340 344
340 346
340 348
340 356
340 358
340 359
340 360
340 362
340 364
340 372
340 404
340 420
340 422
340 423
340 424
340 426
340 428
340 436
340 468
341 342
341 343
341 345
341 346
341 347
341 349
341 357
341 361
341 362
341 363
341 365
341 373
341 405
341 421
341 425
341 426
341 427
341 429
341 437
341 469
342 343
342 344
342 346
342 347
342 348
342 350
342 358
342 362
342 363
342 364
342 366
342 374
342 406
342 422
342 426
342 427
342 428
342 430
342 438
342 470
343 344
343 347
343 348
343 349
343 350
343 351
343 359
343 363
343 364
343 365
343 366
343 367
343 375
343 407
343 423
343 427
343 428
343 429
343 430
343 431
343 439
343 471
344 348
344 350
344 351
344 352
344 360
344 364
344 366
344 367
344 368
344 376
344 408
344 424
344 428
344 430
344 431
344 432
344 440
344 472
345 346
345 347
345 349
345 361
345 365
345 369
345 370
345 371
345 373
345 377
345 409
345 425
345 429
345 433
345 434
345 435
345 437
345 441
345 473
346 347
346 348
346 349
346 350
346 362
346 365
346 366
346 370
346 371
346 372
346 374
346 378
346 410
346 426
346 429
346 430
346 434
346 435
346 436
346 438
346 442
346 474
347 348
347 349
347 350
347 351
347 363
347 365
347 366
347 367
347 371
347 373
347 374
347 375
347 379
347 411
347 427
347 429
347 430
347 431
347 435
347 437
347 438
347 439
347 443
347 475
348 350
348 351
348 352
348 364
348 366
348 368
348 372
348 374
348 375
348 376
348 380
348 412
348 428
348 430
348 432
348 436
348 438
348 439
348 440
348 444
348 476
349 350
349 351
349 365
349 367
349 373
349 377
349 378
349 379
349 381
349 413
349 429
349 431
349 437
349 441
349 442
349 443
349 445
349 477
350 351
350 352
350 366
350 367
350 368
350 374
350 378
350 379
350 380
350 382
350 414
350 430
350 431
350 432
350 438
350 442
350 443
350 444
350 446
350 478
351 352
351 367
351 368
351 375
351 379
351 381
351 382
351 383
351 415
351 431
351 432
351 439
351 443
351 445
351 446
351 447
351 479
352 368
352 376
352 380
352 382
352 383
352 384
352 416
352 432
352 440
352 444
352 446
352 447
352 448
352 480
353 354
353 355
353 357
353 361
353 369
353 417
353 433
353 449
353 450
353 451
353 453
353 457
353 465
353 481
354 355
354 356
354 357
354 358
354 361
354 362
354 369
354 370
354 418
354 433
354 434
354 450
354 451
354 452
354 454
354 458
354 466
354 482
355 356
355 357
355 358
355 359
355 361
355 362
355 363
355 369
355 370
355 371
355 419
355 433
355 434
355 435
355 451
355 453
355 454
355 455
355 459
355 467
355 483
356 358
356 359
356 360
356 362
356 364
356 370
356 372
356 420
356 434
356 436
356 452
356 454
356 455
356 456
356 460
356 468
356 484
357 358
357 359
357 361
357 362
357 363
357 365
357 369
357 371
357 373
357 421
357 433
357 435
357 437
357 453
357 457
357 458
357 459
357 461
357 469
357 485
358 359
358 360
358 362
358 363
358 364
358 366
358 370
358 371
358 372
358 374
358 422
358 434
358 435
358 436
358 438
358 454
358 458
358 459
358 460
358 462
358 470
358 486
359 360
359 363
359 364
359 365
359 366
359 367
359 371
359 372
359 375
359 423
359 435
359 436
359 439
359 455
359 459
359 461
359 462
359 463
359 471
359 487
360 364
360 366
360 367
360 368
360 372
360 376
360 424
360 436
360 440
360 456
360 460
360 462
360 463
360 464
360 472
360 488
361 362
361 363
361 365
361 369
361 370
361 371
361 373
361 377
361 425
361 433
361 437
361 441
361 457
361 465
361 466
361 467
361 469
361 473
361 489
362 363
362 364
362 365
362 366
362 370
362 371
362 372
362 373
362 374
362 378
362 426
362 434
362 437
362 438
362 442
362 458
362 466
362 467
362 468
362 470
362 474
362 490
363 364
363 365
363 366
363 367
363 371
363 373
363 374
363 375
363 379
363 427
363 435
363 437
363 438
363 439
363 443
363 459
363 467
363 469
363 470
363 471
363 475
363 491
364 366
364 367
364 368
364 372
364 374
364 375
364 376
364 380
364 428
364 436
364 438
364 440
364 444
364 460
364 468
364 470
364 471
364 472
364 476
364 492
365 366
365 367
365 373
365 375
365 377
365 378
365 379
365 381
365 429
365 437
365 439
365 445
365 461
365 469
365 473
365 474
365 475
365 477
365 493
366 367
366 368
366 374
366 375
366 376
366 378
366 379
366 380
366 382
366 430
366 438
366 439
366 440
366 446
366 462
366 470
366 474
366 475
366 476
366 478
366 494
367 368
367 375
367 376
367 379
367 381
367 382
367 383
367 431
367 439
367 440
367 447
367 463
367 471
367 475
367 477
367 478
367 479
367 495
368 376
368 380
368 382
368 383
368 384
368 432
368 440
368 448
368 464
368 472
368 476
368 478
368 479
368 480
368 496
369 370
369 371
369 373
369 377
369 433
369 441
369 465
369 481
369 482
369 483
369 485
369 489
369 497
370 371
370 372
370 373
370 374
370 377
370 378
370 434
370 441
370 442
370 466
370 482
370 483
370 484
370 486
370 490
370 498
371 372
371 373
371 374
371 375
371 377
371 378
371 379
371 435
371 441
371 442
371 443
371 467
371 483
371 485
371 486
371 487
371 491
371 499
372 374
372 375
372 376
372 378
372 380
372 436
372 442
372 444
372 468
372 484
372 486
372 487
372 488
372 492
372 500
373 374
373 375
373 377
373 378
373 379
373 381
373 437
373 441
373 443
373 445
373 469
373 485
373 489
373 490
373 491
373 493
373 501
374 375
374 376
374 378
374 379
374 380
374 382
374 438
374 442
374 443
374 444
374 446
374 470
374 486
374 490
374 491
374 492
374 494
374 502
375 376
375 379
375 380
375 381
375 382
375 383
375 439
375 443
375 444
375 447
375 471
375 487
375 491
375 493
375 494
375 495
375 503
376 380
376 382
376 383
376 384
376 440
376 444
376 448
376 472
376 488
376 492
376 494
376 495
376 496
376 504
377 378
377 379
377 381
377 441
377 445
377 473
377 489
377 497
377 498
377 499
377 501
377 505
378 379
378 380
378 381
378 382
378 442
378 445
378 446
378 474
378 490
378 498
378 499
378 500
378 502
378 506
379 380
379 381
379 382
379 383
379 443
379 445
379 446
379 447
379 475
379 491
379 499
379 501
379 502
379 503
379 507
380 382
380 383
380 384
380 444
380 446
380 448
380 476
380 492
380 500
380 502
380 503
380 504
380 508
381 382
381 383
381 445
381 447
381 477
381 493
381 501
381 505
381 506
381 507
381 509
382 383
382 384
382 446
382 447
382 448
382 478
382 494
382 502
382 506
382 507
382 508
382 510
383 384
383 447
383 448
383 479
383 495
383 503
383 507
383 509
383 510
383 511
384 448
384 480
384 496
384 504
384 508
384 510
384 511
384 512
385 386
385 387
385 389
385 393
385 401
385 417
385 449
386 387
386 388
386 389
386 390
386 393
386 394
386 401
386 402
386 417
386 418
386 449
386 450
387 388
387 389
387 390
387 391
387 393
387 394
387 395
387 401
387 402
387 403
387 417
387 418
387 419
387 449
387 450
387 451
388 390
388 391
388 392
388 394
388 396
388 402
388 404
388 418
388 420
388 450
388 452
389 390
389 391
389 393
389 394
389 395
389 397
389 401
389 403
389 405
389 417
389 419
389 421
389 449
389 451
389 453
390 391
390 392
390 394
390 395
390 396
390 398
390 402
390 403
390 404
390 406
390 418
390 419
390 420
390 422
390 450
390 451
390 452
390 454
391 392
391 395
391 396
391 397
391 398
391 399
391 403
391 404
391 407
391 419
391 420
391 423
391 451
391 452
391 455
392 396
392 398
392 399
392 400
392 404
392 408
392 420
392 424
392 452
392 456
393 394
393 395
393 397
393 401
393 402
393 403
393 405
393 409
393 417
393 421
393 425
393 449
393 453
393 457
394 395
394 396
394 397
394 398
394 402
394 403
394 404
394 405
394 406
394 410
394 418
394 421
394 422
394 426
394 450
394 453
394 454
394 458
395 396
395 397
395 398
395 399
395 403
395 405
395 406
395 407
395 411
395 419
395 421
395 422
395 423
395 427
395 451
395 453
395 454
395 455
395 459
396 398
396 399
396 400
396 404
396 406
396 407
396 408
396 412
396 420
396 422
396 424
396 428
396 452
396 454
396 456
396 460
397 398
397 399
397 405
397 407
397 409
397 410
397 411
397 413
397 421
397 423
397 429
397 453
397 455
397 461
398 399
398 400
398 406
398 407
398 408
398 410
398 411
398 412
398 414
398 422
398 423
398 424
398 430
398 454
398 455
398 456
398 462
399 400
399 407
399 408
399 411
399 413
399 414
399 415
399 423
399 424
399 431
399 455
399 456
399 463
400 408
400 412
400 414
400 415
400 416
400 424
400 432
400 456
400 464
401 402
401 403
401 405
401 409
401 417
401 418
401 419
401 421
401 425
401 433
401 449
401 457
401 465
402 403
402 404
402 405
402 406
402 409
402 410
402 418
402 419
402 420
402 422
402 425
402 426
402 434
402 450
402 457
402 458
402 466
403 404
403 405
403 406
403 407
403 409
403 410
403 411
403 419
403 421
403 422
403 423
403 425
403 426
403 427
403 435
403 451
403 457
403 458
403 459
403 467
404 406
404 407
404 408
404 410
404 412
404 420
404 422
404 423
404 424
404 426
404 428
404 436
404 452
404 458
404 460
404 468
405 406
405 407
405 409
405 410
405 411
405 413
405 421
405 425
405 426
405 427
405 429
405 437
405 453
405 457
405 459
405 461
405 469
406 407
406 408
406 410
406 411
406 412
406 414
406 422
406 426
406 427
406 428
406 430
406 438
406 454
406 458
406 459
406 460
406 462
406 470
407 408
407 411
407 412
407 413
407 414
407 415
407 423
407 427
407 428
407 429
407 430
407 431
407 439
407 455
407 459
407 460
407 463
407 471
408 412
408 414
408 415
408 416
408 424
408 428
408 430
408 431
408 432
408 440
408 456
408 460
408 464
408 472
409 410
409 411
409 413
409 425
409 429
409 433
409 434
409 435
409 437
409 441
409 457
409 461
409 473
410 411
410 412
410 413
410 414
410 426
410 429
410 430
410 434
410 435
410 436
410 438
410 442
410 458
410 461
410 462
410 474
411 412
411 413
411 414
411 415
411 427
411 429
411 430
411 431
411 435
411 437
411 438
411 439
411 443
411 459
411 461
411 462
411 463
411 475
412 414
412 415
412 416
412 428
412 430
412 432
412 436
412 438
412 439
412 440
412 444
412 460
412 462
412 464
412 476
413 414
413 415
413 429
413 431
413 437
413 441
413 442
413 443
413 445
413 461
413 463
413 477
414 415
414 416
414 430
414 431
414 432
414 438
414 442
414 443
414 444
414 446
414 462
414 463
414 464
414 478
415 416
415 431
415 432
415 439
415 443
415 445
415 446
415 447
415 463
415 464
415 479
416 432
416 440
416 444
416 446
416 447
416 448
416 464
416 480
417 418
417 419
417 421
417 425
417 433
417 449
417 450
417 451
417 453
417 457
417 465
417 481
418 419
418 420
418 421
418 422
418 425
418 426
418 433
418 434
418 450
418 451
418 452
418 454
418 458
418 465
418 466
418 482
419 420
419 421
419 422
419 423
419 425
419 426
419 427
419 433
419 434
419 435
419 451
419 453
419 454
419 455
419 459
419 465
419 466
419 467
419 483
420 422
420 423
420 424
420 426
420 428
420 434
420 436
420 452
420 454
420 455
420 456
420 460
420 466
420 468
420 484
421 422
421 423
421 425
421 426
421 427
421 429
421 433
421 435
421 437
421 453
421 457
421 458
421 459
421 461
421 465
421 467
421 469
421 485
422 423
422 424
422 426
422 427
422 428
422 430
422 434
422 435
422 436
422 438
422 454
422 458
422 459
422 460
422 462
422 466
422 467
422 468
422 470
422 486
423 424
423 427
423 428
423 429
423 430
423 431
423 435
423 436
423 439
423 455
423 459
423 461
423 462
423 463
423 467
423 468
423 471
423 487
424 428
424 430
424 431
424 432
424 436
424 440
424 456
424 460
424 462
424 463
424 464
424 468
424 472
424 488
425 426
425 427
425 429
425 433
425 434
425 435
425 437
425 441
425 457
425 465
425 466
425 467
425 469
425 473
425 489
426 427
426 428
426 429
426 430
426 434
426 435
426 436
426 437
426 438
426 442
426 458
426 466
426 467
426 468
426 469
426 470
426 474
426 490
427 428
427 429
427 430
427 431
427 435
427 437
427 438
427 439
427 443
427 459
427 467
427 469
427 470
427 471
427 475
427 491
428 430
428 431
428 432
428 436
428 438
428 439
428 440
428 444
428 460
428 468
428 470
428 471
428 472
428 476
428 492
429 430
429 431
429 437
429 439
429 441
429 442
429 443
429 445
429 461
429 469
429 471
429 473
429 474
429 475
429 477
429 493
430 431
430 432
430 438
430 439
430 440
430 442
430 443
430 444
430 446
430 462
430 470
430 471
430 472
430 474
430 475
430 476
430 478
430 494
431 432
431 439
431 440
431 443
431 445
431 446
431 447
431 463
431 471
431 472
431 475
431 477
431 478
431 479
431 495
432 440
432 444
432 446
432 447
432 448
432 464
432 472
432 476
432 478
432 479
432 480
432 496
433 434
433 435
433 437
433 441
433 465
433 473
433 481
433 482
433 483
433 485
433 489
433 497
434 435
434 436
434 437
434 438
434 441
434 442
434 466
434 473
434 474
434 482
434 483
434 484
434 486
434 490
434 498
435 436
435 437
435 438
435 439
435 441
435 442
435 443
435 467
435 473
435 474
435 475
435 483
435 485
435 486
435 487
435 491
435 499
436 438
436 439
436 440
436 442
436 444
436 468
436 474
436 476
436 484
436 486
436 487
436 488
436 492
436 500
437 438
437 439
437 441
437 442
437 443
437 445
437 469
437 473
437 475
437 477
437 485
437 489
437 490
437 491
437 493
437 501
438 439
438 440
438 442
438 443
438 444
438 446
438 470
438 474
438 475
438 476
438 478
438 486
438 490
438 491
438 492
438 494
438 502
439 440
439 443
439 444
439 445
439 446
439 447
439 471
439 475
439 476
439 479
439 487
439 491
439 493
439 494
439 495
439 503
440 444
440 446
440 447
440 448
440 472
440 476
440 480
440 488
440 492
440 494
440 495
440 496
440 504
441 442
441 443
441 445
441 473
441 477
441 489
441 497
441 498
441 499
441 501
441 505
442 443
442 444
442 445
442 446
442 474
442 477
442 478
442 490
442 498
442 499
442 500
442 502
442 506
443 444
443 445
443 446
443 447
443 475
443 477
443 478
443 479
443 491
443 499
443 501
443 502
443 503
443 507
444 446
444 447
444 448
444 476
444 478
444 480
444 492
444 500
444 502
444 503
444 504
444 508
445 446
445 447
445 477
445 479
445 493
445 501
445 505
445 506
445 507
445 509
446 447
446 448
446 478
446 479
446 480
446 494
446 502
446 506
446 507
446 508
446 510
447 448
447 479
447 480
447 495
447 503
447 507
447 509
447 510
447 511
448 480
448 496
448 504
448 508
448 510
448 511
448 512
449 450
449 451
449 453
449 457
449 465
449 481
450 451
450 452
450 453
450 454
450 457
450 458
450 465
450 466
450 481
450 482
451 452
451 453
451 454
451 455
451 457
451 458
451 459
451 465
451 466
451 467
451 481
451 482
451 483
452 454
452 455
452 456
452 458
452 460
452 466
452 468
452 482
452 484
453 454
453 455
453 457
453 458
453 459
453 461
453 465
453 467
453 469
453 481
453 483
453 485
454 455
454 456
454 458
454 459
454 460
454 462
454 466
454 467
454 468
454 470
454 482
454 483
454 484
454 486
455 456
455 459
455 460
455 461
455 462
455 463
455 467
455 468
455 471
455 483
455 484
455 487
456 460
456 462
456 463
456 464
456 468
456 472
456 484
456 488
457 458
457 459
457 461
457 465
457 466
457 467
457 469
457 473
457 481
457 485
457 489
458 459
458 460
458 461
458 462
458 466
458 467
458 468
458 469
458 470
458 474
458 482
458 485
458 486
458 490
459 460
459 461
459 462
459 463
459 467
459 469
459 470
459 471
459 475
459 483
459 485
459 486
459 487
459 491
460 462
460 463
460 464
460 468
460 470
460 471
460 472
460 476
460 484
460 486
460 488
460 492
461 462
461 463
461 469
461 471
461 473
461 474
461 475
461 477
461 485
461 487
461 493
462 463
462 464
462 470
462 471
462 472
462 474
462 475
462 476
462 478
462 486
462 487
462 488
462 494
463 464
463 471
463 472
463 475
463 477
463 478
463 479
463 487
463 488
463 495
464 472
464 476
464 478
464 479
464 480
464 488
464 496
465 466
465 467
465 469
465 473
465 481
465 482
465 483
465 485
465 489
465 497
466 467
466 468
466 469
466 470
466 473
466 474
466 482
466 483
466 484
466 486
466 489
466 490
466 498
467 468
467 469
467 470
467 471
467 473
467 474
467 475
467 483
467 485
467 486
467 487
467 489
467 490
467 491
467 499
468 470
468 471
468 472
468 474
468 476
468 484
468 486
468 487
468 488
468 490
468 492
468 500
469 470
469 471
469 473
469 474
469 475
469 477
469 485
469 489
469 490
469 491
469 493
469 501
470 471
470 472
470 474
470 475
470 476
470 478
470 486
470 490
470 491
470 492
470 494
470 502
471 472
471 475
471 476
471 477
471 478
471 479
471 487
471 491
471 492
471 493
471 494
471 495
471 503
472 476
472 478
472 479
472 480
472 488
472 492
472 494
472 495
472 496
472 504
473 474
473 475
473 477
473 489
473 493
473 497
473 498
473 499
473 501
473 505
474 475
474 476
474 477
474 478
474 490
474 493
474 494
474 498
474 499
474 500
474 502
474 506
475 476
475 477
475 478
475 479
475 491
475 493
475 494
475 495
475 499
475 501
475 502
475 503
475 507
476 478
476 479
476 480
476 492
476 494
476 496
476 500
476 502
476 503
476 504
476 508
477 478
477 479
477 493
477 495
477 501
477 505
477 506
477 507
477 509
478 479
478 480
478 494
478 495
478 496
478 502
478 506
478 507
478 508
478 510
479 480
479 495
479 496
479 503
479 507
479 509
479 510
479 511
480 496
480 504
480 508
480 510
480 511
480 512
481 482
481 483
481 485
481 489
481 497
482 483
482 484
482 485
482 486
482 489
482 490
482 497
482 498
483 484
483 485
483 486
483 487
483 489
483 490
483 491
483 497
483 498
483 499
484 486
484 487
484 488
484 490
484 492
484 498
484 500
485 486
485 487
485 489
485 490
485 491
485 493
485 497
485 499
485 501
486 487
486 488
486 490
486 491
486 492
486 494
486 498
486 499
486 500
486 502
487 488
487 491
487 492
487 493
487 494
487 495
487 499
487 500
487 503
488 492
488 494
488 495
488 496
488 500
488 504
489 490
489 491
489 493
489 497
489 498
489 499
489 501
489 505
490 491
490 492
490 493
490 494
490 498
490 499
490 500
490 501
490 502
490 506
491 492
491 493
491 494
491 495
491 499
491 501
491 502
491 503
491 507
492 494
492 495
492 496
492 500
492 502
492 503
492 504
492 508
493 494
493 495
493 501
493 503
493 505
493 506
493 507
493 509
494 495
494 496
494 502
494 503
494 504
494 506
494 507
494 508
494 510
495 496
495 503
495 504
495 507
495 509
495 510
495 511
496 504
496 508
496 510
496 511
496 512
497 498
497 499
497 501
497 505
498 499
498 500
498 501
498 502
498 505
498 506
499 500
499 501
499 502
499 503
499 505
499 506
499 507
500 502
500 503
500 504
500 506
500 508
501 502
501 503
501 505
501 506
501 507
501 509
502 503
502 504
502 506
502 507
502 508
502 510
503 504
503 507
503 508
503 509
503 510
503 511
504 508
504 510
504 511
504 512
505 506
505 507
505 509
506 507
506 508
506 509
506 510
507 508
507 509
507 510
507 511
508 510
508 511
508 512
509 510
509 511
510 511
510 512
511 512
