64 543
1 2
1 3
1 5
1 9
1 17
1 33
2 3
2 4
2 5
2 6
2 9
2 10
2 17
2 18
2 33
2 34
3 4
3 5
3 6
3 7
3 9
3 10
3 11
3 17
3 18
3 19
3 33
3 34
3 35
4 6
4 7
4 8
4 10
4 12
4 18
4 20
4 34
4 36
5 6
5 7
5 9
5 10
5 11
5 13
5 17
5 19
5 21
5 33
5 35
5 37
6 7
6 8
6 10
6 11
6 12
6 14
6 18
6 19
6 20
6 22
6 34
6 35
6 36
6 38
7 8
7 11
7 12
7 13
7 14
7 15
7 19
7 20
7 23
7 35
7 36
7 39
8 12
8 14
8 15
8 16
8 20
8 24
8 36
8 40
9 10
9 11
9 13
9 17
9 18
9 19
9 21
9 25
9 33
9 37
9 41
10 11
10 12
10 13
10 14
10 18
10 19
10 20
10 21
10 22
10 26
10 34
10 37
10 38
10 42
11 12
11 13
11 14
11 15
11 19
11 21
11 22
11 23
11 27
11 35
11 37
11 38
11 39
11 43
12 14
12 15
12 16
12 20
12 22
12 23
12 24
12 28
12 36
12 38
12 40
12 44
13 14
13 15
13 21
13 23
13 25
13 26
13 27
13 29
13 37
13 39
13 45
14 15
14 16
14 22
14 23
14 24
14 26
14 27
14 28
14 30
14 38
14 39
14 40
14 46
15 16
15 23
15 24
15 27
15 29
15 30
15 31
15 39
15 40
15 47
16 24
16 28
16 30
16 31
16 32
16 40
16 48
17 18
17 19
17 21
17 25
17 33
17 34
17 35
17 37
17 41
17 49
18 19
18 20
18 21
18 22
18 25
18 26
18 34
18 35
18 36
18 38
18 41
18 42
18 50
19 20
19 21
19 22
19 23
19 25
19 26
19 27
19 35
19 37
19 38
19 39
19 41
19 42
19 43
19 51
20 22
20 23
20 24
20 26
20 28
20 36
20 38
20 39
20 40
20 42
20 44
20 52
21 22
21 23
21 25
21 26
21 27
21 29
21 37
21 41
21 42
21 43
21 45
21 53
22 23
22 24
22 26
22 27
22 28
22 30
22 38
22 42
22 43
22 44
22 46
22 54
23 24
23 27
23 28
23 29
23 30
23 31
23 39
23 43
23 44
23 45
23 46
23 47
23 55
24 28
24 30
24 31
24 32
24 40
24 44
24 46
24 47
24 48
24 56
25 26
25 27
25 29
25 41
25 45
25 49
25 50
25 51
25 53
25 57
26 27
26 28
26 29
26 30
26 42
26 45
26 46
26 50
26 51
26 52
26 54
26 58
27 28
27 29
27 30
27 31
27 43
27 45
27 46
27 47
27 51
27 53
27 54
27 55
27 59
28 30
28 31
28 32
28 44
28 46
28 48
28 52
28 54
28 55
28 56
28 60
29 30
29 31
29 45
29 47
29 53
29 57
29 58
29 59
29 61
30 31
30 32
30 46
30 47
30 48
30 54
30 58
30 59
30 60
30 62
31 32
31 47
31 48
31 55
31 59
31 61
31 62
31 63
32 48
32 56
32 60
32 62
32 63
32 64
33 34
33 35
33 37
33 41
33 49
34 35
34 36
34 37
34 38
34 41
34 42
34 49
34 50
35 36
35 37
35 38
35 39
35 41
35 42
35 43
35 49
35 50
35 51
36 38
36 39
36 40
36 42
36 44
36 50
36 52
37 38
37 39
37 41
37 42
37 43
37 45
37 49
37 51
37 53
38 39
38 40
38 42
38 43
38 44
38 46
38 50
38 51
38 52
38 54
39 40
39 43
39 44
39 45
39 46
39 47
39 51
39 52
39 55
40 44
40 46
40 47
40 48
40 52
40 56
41 42
41 43
41 45
41 49
41 50
41 51
41 53
41 57
42 43
42 44
42 45
42 46
42 50
42 51
42 52
42 53
42 54
42 58
43 44
43 45
43 46
43 47
43 51
43 53
43 54
43 55
43 59
44 46
44 47
44 48
44 52
44 54
44 55
44 56
44 60
45 46
45 47
45 53
45 55
45 57
45 58
45 59
45 61
46 47
46 48
46 54
46 55
46 56
46 58
46 59
46 60
46 62
47 48
47 55
47 56
47 59
47 61
47 62
47 63
48 56
48 60
48 62
48 63
48 64
49 50
49 51
49 53
49 57
50 51
50 52
50 53
50 54
50 57
50 58
51 52
51 53
51 54
51 55
51 57
51 58
51 59
52 54
52 55
52 56
52 58
52 60
53 54
53 55
53 57
53 58
53 59
53 61
54 55
54 56
54 58
54 59
54 60
54 62
55 56
55 59
55 60
55 61
55 62
55 63
56 60
56 62
56 63
56 64
57 58
57 59
57 61
58 59
58 60
58 61
58 62
59 60
59 61
59 62
59 63
60 62
60 63
60 64
61 62
61 63
62 63
62 64
63 64
