128 672
2 3
2 5
2 33
2 65
3 5
3 9
3 65
4 6
4 7
4 10
4 35
4 66
4 67
4 69
5 9
5 17
6 7
6 10
6 11
6 18
6 37
6 67
6 69
6 73
7 10
7 11
7 13
7 19
7 69
8 12
8 14
8 20
8 39
8 70
8 71
8 75
9 17
9 33
10 11
10 13
10 18
10 19
10 34
10 41
10 69
10 73
10 81
11 13
11 18
11 19
11 21
11 35
11 73
12 14
12 15
12 20
12 22
12 36
12 43
12 71
12 74
12 75
12 77
12 83
13 19
13 21
13 25
13 37
14 15
14 20
14 22
14 23
14 26
14 38
14 45
14 75
14 77
14 85
15 22
15 23
15 27
15 39
15 77
16 24
16 28
16 40
16 47
16 78
16 79
16 87
17 33
17 65
18 19
18 21
18 34
18 35
18 49
18 66
18 73
18 81
18 97
19 21
19 25
19 34
19 35
19 37
19 67
19 81
20 22
20 23
20 26
20 36
20 38
20 51
20 68
20 75
20 82
20 83
20 85
20 99
21 25
21 35
21 37
21 41
21 69
22 23
22 26
22 27
22 36
22 38
22 39
22 42
22 53
22 70
22 77
22 83
22 85
22 89
22 101
23 26
23 27
23 29
23 38
23 39
23 43
23 71
23 85
24 28
24 30
24 40
24 44
24 55
24 72
24 79
24 86
24 87
24 91
24 103
25 37
25 41
25 49
25 73
26 27
26 29
26 38
26 42
26 43
26 50
26 57
26 74
26 85
26 89
26 105
27 29
27 39
27 42
27 43
27 45
27 51
27 75
27 89
28 30
28 31
28 40
28 44
28 46
28 52
28 59
28 76
28 87
28 90
28 91
28 93
28 107
29 43
29 45
29 53
29 77
30 31
30 44
30 46
30 47
30 54
30 61
30 78
30 91
30 93
30 109
31 46
31 47
31 55
31 79
31 93
32 48
32 56
32 63
32 80
32 94
32 95
32 111
33 65
34 35
34 37
34 66
34 67
34 81
34 97
35 37
35 41
35 66
35 67
35 69
35 97
36 38
36 39
36 42
36 68
36 70
36 83
36 98
36 99
36 101
37 41
37 49
37 67
37 69
37 73
38 39
38 42
38 43
38 50
38 68
38 70
38 71
38 74
38 85
38 99
38 101
38 105
39 42
39 43
39 45
39 51
39 70
39 71
39 75
39 101
40 44
40 46
40 52
40 72
40 76
40 87
40 102
40 103
40 107
41 49
41 69
41 73
41 81
42 43
42 45
42 50
42 51
42 70
42 74
42 75
42 82
42 89
42 101
42 105
42 113
43 45
43 50
43 51
43 53
43 71
43 74
43 75
43 77
43 83
43 105
44 46
44 47
44 52
44 54
44 72
44 76
44 78
44 84
44 91
44 103
44 106
44 107
44 109
44 115
45 51
45 53
45 57
45 75
45 77
45 85
46 47
46 52
46 54
46 55
46 58
46 76
46 78
46 79
46 86
46 93
46 107
46 109
46 117
47 54
47 55
47 59
47 78
47 79
47 87
47 109
48 56
48 60
48 80
48 88
48 95
48 110
48 111
48 119
49 73
49 81
49 97
50 51
50 53
50 74
50 82
50 83
50 98
50 105
50 113
51 53
51 57
51 75
51 82
51 83
51 85
51 99
51 113
52 54
52 55
52 58
52 76
52 84
52 86
52 100
52 107
52 114
52 115
52 117
53 57
53 77
53 83
53 85
53 89
53 101
54 55
54 58
54 59
54 78
54 84
54 86
54 87
54 90
54 102
54 109
54 115
54 117
54 121
55 58
55 59
55 61
55 79
55 86
55 87
55 91
55 103
55 117
56 60
56 62
56 80
56 88
56 92
56 104
56 111
56 118
56 119
56 123
57 85
57 89
57 105
58 59
58 61
58 86
58 90
58 91
58 106
58 117
58 121
59 61
59 87
59 90
59 91
59 93
59 107
59 121
60 62
60 63
60 88
60 92
60 94
60 108
60 119
60 122
60 123
60 125
61 91
61 93
61 109
62 63
62 92
62 94
62 95
62 110
62 123
62 125
63 94
63 95
63 111
63 125
64 96
64 112
64 126
64 127
66 67
66 69
66 97
67 69
67 73
68 70
68 71
68 74
68 99
69 73
69 81
70 71
70 74
70 75
70 82
70 101
71 74
71 75
71 77
71 83
72 76
72 78
72 84
72 103
73 81
73 97
74 75
74 77
74 82
74 83
74 98
74 105
75 77
75 82
75 83
75 85
75 99
76 78
76 79
76 84
76 86
76 100
76 107
77 83
77 85
77 89
77 101
78 79
78 84
78 86
78 87
78 90
78 102
78 109
79 86
79 87
79 91
79 103
80 88
80 92
80 104
80 111
81 97
82 83
82 85
82 98
82 99
82 113
83 85
83 89
83 98
83 99
83 101
84 86
84 87
84 90
84 100
84 102
84 115
85 89
85 99
85 101
85 105
86 87
86 90
86 91
86 100
86 102
86 103
86 106
86 117
87 90
87 91
87 93
87 102
87 103
87 107
88 92
88 94
88 104
88 108
88 119
89 101
89 105
89 113
90 91
90 93
90 102
90 106
90 107
90 114
90 121
91 93
91 103
91 106
91 107
91 109
91 115
92 94
92 95
92 104
92 108
92 110
92 116
92 123
93 107
93 109
93 117
94 95
94 108
94 110
94 111
94 118
94 125
95 110
95 111
95 119
96 112
96 120
96 127
98 99
98 101
99 101
99 105
100 102
100 103
100 106
101 105
101 113
102 103
102 106
102 107
102 114
103 106
103 107
103 109
103 115
104 108
104 110
104 116
105 113
106 107
106 109
106 114
106 115
107 109
107 114
107 115
107 117
108 110
108 111
108 116
108 118
109 115
109 117
109 121
110 111
110 116
110 118
110 119
110 122
111 118
111 119
111 123
112 120
112 124
114 115
114 117
115 117
115 121
116 118
116 119
116 122
117 121
118 119
118 122
118 123
119 122
119 123
119 125
120 124
120 126
122 123
122 125
123 125
124 126
124 127
126 127
