256 1664
2 3
2 5
2 65
2 129
3 5
3 9
3 129
4 6
4 7
4 10
4 67
4 130
4 131
4 133
5 9
5 17
6 7
6 10
6 11
6 18
6 69
6 131
6 133
6 137
7 10
7 11
7 13
7 19
7 133
8 12
8 14
8 20
8 71
8 134
8 135
8 139
9 17
9 33
10 11
10 13
10 18
10 19
10 34
10 73
10 133
10 137
10 145
11 13
11 18
11 19
11 21
11 35
11 137
12 14
12 15
12 20
12 22
12 36
12 75
12 135
12 138
12 139
12 141
12 147
13 19
13 21
13 25
13 37
14 15
14 20
14 22
14 23
14 26
14 38
14 77
14 139
14 141
14 149
15 22
15 23
15 27
15 39
15 141
16 24
16 28
16 40
16 79
16 142
16 143
16 151
17 33
17 65
18 19
18 21
18 34
18 35
18 66
18 81
18 137
18 145
18 161
19 21
19 25
19 34
19 35
19 37
19 67
19 145
20 22
20 23
20 26
20 36
20 38
20 68
20 83
20 139
20 146
20 147
20 149
20 163
21 25
21 35
21 37
21 41
21 69
22 23
22 26
22 27
22 36
22 38
22 39
22 42
22 70
22 85
22 141
22 147
22 149
22 153
22 165
23 26
23 27
23 29
23 38
23 39
23 43
23 71
23 149
24 28
24 30
24 40
24 44
24 72
24 87
24 143
24 150
24 151
24 155
24 167
25 37
25 41
25 49
25 73
26 27
26 29
26 38
26 42
26 43
26 50
26 74
26 89
26 149
26 153
26 169
27 29
27 39
27 42
27 43
27 45
27 51
27 75
27 153
28 30
28 31
28 40
28 44
28 46
28 52
28 76
28 91
28 151
28 154
28 155
28 157
28 171
29 43
29 45
29 53
29 77
30 31
30 44
30 46
30 47
30 54
30 78
30 93
30 155
30 157
30 173
31 46
31 47
31 55
31 79
31 157
32 48
32 56
32 80
32 95
32 158
32 159
32 175
33 65
33 129
34 35
34 37
34 66
34 67
34 97
34 130
34 145
34 161
34 193
35 37
35 41
35 66
35 67
35 69
35 131
35 161
36 38
36 39
36 42
36 68
36 70
36 99
36 132
36 147
36 162
36 163
36 165
36 195
37 41
37 49
37 67
37 69
37 73
37 133
38 39
38 42
38 43
38 50
38 68
38 70
38 71
38 74
38 101
38 134
38 149
38 163
38 165
38 169
38 197
39 42
39 43
39 45
39 51
39 70
39 71
39 75
39 135
39 165
40 44
40 46
40 52
40 72
40 76
40 103
40 136
40 151
40 166
40 167
40 171
40 199
41 49
41 69
41 73
41 81
41 137
42 43
42 45
42 50
42 51
42 70
42 74
42 75
42 82
42 105
42 138
42 153
42 165
42 169
42 177
42 201
43 45
43 50
43 51
43 53
43 71
43 74
43 75
43 77
43 83
43 139
43 169
44 46
44 47
44 52
44 54
44 72
44 76
44 78
44 84
44 107
44 140
44 155
44 167
44 170
44 171
44 173
44 179
44 203
45 51
45 53
45 57
45 75
45 77
45 85
45 141
46 47
46 52
46 54
46 55
46 58
46 76
46 78
46 79
46 86
46 109
46 142
46 157
46 171
46 173
46 181
46 205
47 54
47 55
47 59
47 78
47 79
47 87
47 143
47 173
48 56
48 60
48 80
48 88
48 111
48 144
48 159
48 174
48 175
48 183
48 207
49 73
49 81
49 97
49 145
50 51
50 53
50 74
50 82
50 83
50 98
50 113
50 146
50 169
50 177
50 209
51 53
51 57
51 75
51 82
51 83
51 85
51 99
51 147
51 177
52 54
52 55
52 58
52 76
52 84
52 86
52 100
52 115
52 148
52 171
52 178
52 179
52 181
52 211
53 57
53 77
53 83
53 85
53 89
53 101
53 149
54 55
54 58
54 59
54 78
54 84
54 86
54 87
54 90
54 102
54 117
54 150
54 173
54 179
54 181
54 185
54 213
55 58
55 59
55 61
55 79
55 86
55 87
55 91
55 103
55 151
55 181
56 60
56 62
56 80
56 88
56 92
56 104
56 119
56 152
56 175
56 182
56 183
56 187
56 215
57 85
57 89
57 105
57 153
58 59
58 61
58 86
58 90
58 91
58 106
58 121
58 154
58 181
58 185
58 217
59 61
59 87
59 90
59 91
59 93
59 107
59 155
59 185
60 62
60 63
60 88
60 92
60 94
60 108
60 123
60 156
60 183
60 186
60 187
60 189
60 219
61 91
61 93
61 109
61 157
62 63
62 92
62 94
62 95
62 110
62 125
62 158
62 187
62 189
62 221
63 94
63 95
63 111
63 159
63 189
64 96
64 112
64 127
64 160
64 190
64 191
64 223
65 129
66 67
66 69
66 130
66 131
66 161
66 193
67 69
67 73
67 130
67 131
67 133
67 193
68 70
68 71
68 74
68 132
68 134
68 163
68 194
68 195
68 197
69 73
69 81
69 131
69 133
69 137
70 71
70 74
70 75
70 82
70 132
70 134
70 135
70 138
70 165
70 195
70 197
70 201
71 74
71 75
71 77
71 83
71 134
71 135
71 139
71 197
72 76
72 78
72 84
72 136
72 140
72 167
72 198
72 199
72 203
73 81
73 97
73 133
73 137
73 145
74 75
74 77
74 82
74 83
74 98
74 134
74 138
74 139
74 146
74 169
74 197
74 201
74 209
75 77
75 82
75 83
75 85
75 99
75 135
75 138
75 139
75 141
75 147
75 201
76 78
76 79
76 84
76 86
76 100
76 136
76 140
76 142
76 148
76 171
76 199
76 202
76 203
76 205
76 211
77 83
77 85
77 89
77 101
77 139
77 141
77 149
78 79
78 84
78 86
78 87
78 90
78 102
78 140
78 142
78 143
78 150
78 173
78 203
78 205
78 213
79 86
79 87
79 91
79 103
79 142
79 143
79 151
79 205
80 88
80 92
80 104
80 144
80 152
80 175
80 206
80 207
80 215
81 97
81 137
81 145
81 161
82 83
82 85
82 98
82 99
82 138
82 146
82 147
82 162
82 177
82 201
82 209
82 225
83 85
83 89
83 98
83 99
83 101
83 139
83 146
83 147
83 149
83 163
83 209
84 86
84 87
84 90
84 100
84 102
84 140
84 148
84 150
84 164
84 179
84 203
84 210
84 211
84 213
84 227
85 89
85 99
85 101
85 105
85 141
85 147
85 149
85 153
85 165
86 87
86 90
86 91
86 100
86 102
86 103
86 106
86 142
86 148
86 150
86 151
86 154
86 166
86 181
86 205
86 211
86 213
86 217
86 229
87 90
87 91
87 93
87 102
87 103
87 107
87 143
87 150
87 151
87 155
87 167
87 213
88 92
88 94
88 104
88 108
88 144
88 152
88 156
88 168
88 183
88 207
88 214
88 215
88 219
88 231
89 101
89 105
89 113
89 149
89 153
89 169
90 91
90 93
90 102
90 106
90 107
90 114
90 150
90 154
90 155
90 170
90 185
90 213
90 217
90 233
91 93
91 103
91 106
91 107
91 109
91 115
91 151
91 154
91 155
91 157
91 171
91 217
92 94
92 95
92 104
92 108
92 110
92 116
92 152
92 156
92 158
92 172
92 187
92 215
92 218
92 219
92 221
92 235
93 107
93 109
93 117
93 155
93 157
93 173
94 95
94 108
94 110
94 111
94 118
94 156
94 158
94 159
94 174
94 189
94 219
94 221
94 237
95 110
95 111
95 119
95 158
95 159
95 175
95 221
96 112
96 120
96 160
96 176
96 191
96 222
96 223
96 239
97 145
97 161
97 193
98 99
98 101
98 146
98 162
98 163
98 194
98 209
98 225
99 101
99 105
99 147
99 162
99 163
99 165
99 195
99 225
100 102
100 103
100 106
100 148
100 164
100 166
100 196
100 211
100 226
100 227
100 229
101 105
101 113
101 149
101 163
101 165
101 169
101 197
102 103
102 106
102 107
102 114
102 150
102 164
102 166
102 167
102 170
102 198
102 213
102 227
102 229
102 233
103 106
103 107
103 109
103 115
103 151
103 166
103 167
103 171
103 199
103 229
104 108
104 110
104 116
104 152
104 168
104 172
104 200
104 215
104 230
104 231
104 235
105 113
105 153
105 165
105 169
105 177
105 201
106 107
106 109
106 114
106 115
106 154
106 166
106 170
106 171
106 178
106 202
106 217
106 229
106 233
106 241
107 109
107 114
107 115
107 117
107 155
107 167
107 170
107 171
107 173
107 179
107 203
107 233
108 110
108 111
108 116
108 118
108 156
108 168
108 172
108 174
108 180
108 204
108 219
108 231
108 234
108 235
108 237
108 243
109 115
109 117
109 121
109 157
109 171
109 173
109 181
109 205
110 111
110 116
110 118
110 119
110 122
110 158
110 172
110 174
110 175
110 182
110 206
110 221
110 235
110 237
110 245
111 118
111 119
111 123
111 159
111 174
111 175
111 183
111 207
111 237
112 120
112 124
112 160
112 176
112 184
112 208
112 223
112 238
112 239
112 247
113 169
113 177
113 209
114 115
114 117
114 170
114 178
114 179
114 210
114 233
114 241
115 117
115 121
115 171
115 178
115 179
115 181
115 211
115 241
116 118
116 119
116 122
116 172
116 180
116 182
116 212
116 235
116 242
116 243
116 245
117 121
117 173
117 179
117 181
117 185
117 213
118 119
118 122
118 123
118 174
118 180
118 182
118 183
118 186
118 214
118 237
118 243
118 245
118 249
119 122
119 123
119 125
119 175
119 182
119 183
119 187
119 215
119 245
120 124
120 126
120 176
120 184
120 188
120 216
120 239
120 246
120 247
120 251
121 181
121 185
121 217
122 123
122 125
122 182
122 186
122 187
122 218
122 245
122 249
123 125
123 183
123 186
123 187
123 189
123 219
123 249
124 126
124 127
124 184
124 188
124 190
124 220
124 247
124 250
124 251
124 253
125 187
125 189
125 221
126 127
126 188
126 190
126 191
126 222
126 251
126 253
127 190
127 191
127 223
127 253
128 192
128 224
128 254
128 255
130 131
130 133
130 193
131 133
131 137
132 134
132 135
132 138
132 195
133 137
133 145
134 135
134 138
134 139
134 146
134 197
135 138
135 139
135 141
135 147
136 140
136 142
136 148
136 199
137 145
137 161
138 139
138 141
138 146
138 147
138 162
138 201
139 141
139 146
139 147
139 149
139 163
140 142
140 143
140 148
140 150
140 164
140 203
141 147
141 149
141 153
141 165
142 143
142 148
142 150
142 151
142 154
142 166
142 205
143 150
143 151
143 155
143 167
144 152
144 156
144 168
144 207
145 161
145 193
146 147
146 149
146 162
146 163
146 194
146 209
147 149
147 153
147 162
147 163
147 165
147 195
148 150
148 151
148 154
148 164
148 166
148 196
148 211
149 153
149 163
149 165
149 169
149 197
150 151
150 154
150 155
150 164
150 166
150 167
150 170
150 198
150 213
151 154
151 155
151 157
151 166
151 167
151 171
151 199
152 156
152 158
152 168
152 172
152 200
152 215
153 165
153 169
153 177
153 201
154 155
154 157
154 166
154 170
154 171
154 178
154 202
154 217
155 157
155 167
155 170
155 171
155 173
155 179
155 203
156 158
156 159
156 168
156 172
156 174
156 180
156 204
156 219
157 171
157 173
157 181
157 205
158 159
158 172
158 174
158 175
158 182
158 206
158 221
159 174
159 175
159 183
159 207
160 176
160 184
160 208
160 223
161 193
162 163
162 165
162 194
162 195
162 225
163 165
163 169
163 194
163 195
163 197
164 166
164 167
164 170
164 196
164 198
164 227
165 169
165 177
165 195
165 197
165 201
166 167
166 170
166 171
166 178
166 196
166 198
166 199
166 202
166 229
167 170
167 171
167 173
167 179
167 198
167 199
167 203
168 172
168 174
168 180
168 200
168 204
168 231
169 177
169 197
169 201
169 209
170 171
170 173
170 178
170 179
170 198
170 202
170 203
170 210
170 233
171 173
171 178
171 179
171 181
171 199
171 202
171 203
171 205
171 211
172 174
172 175
172 180
172 182
172 200
172 204
172 206
172 212
172 235
173 179
173 181
173 185
173 203
173 205
173 213
174 175
174 180
174 182
174 183
174 186
174 204
174 206
174 207
174 214
174 237
175 182
175 183
175 187
175 206
175 207
175 215
176 184
176 188
176 208
176 216
176 239
177 201
177 209
177 225
178 179
178 181
178 202
178 210
178 211
178 226
178 241
179 181
179 185
179 203
179 210
179 211
179 213
179 227
180 182
180 183
180 186
180 204
180 212
180 214
180 228
180 243
181 185
181 205
181 211
181 213
181 217
181 229
182 183
182 186
182 187
182 206
182 212
182 214
182 215
182 218
182 230
182 245
183 186
183 187
183 189
183 207
183 214
183 215
183 219
183 231
184 188
184 190
184 208
184 216
184 220
184 232
184 247
185 213
185 217
185 233
186 187
186 189
186 214
186 218
186 219
186 234
186 249
187 189
187 215
187 218
187 219
187 221
187 235
188 190
188 191
188 216
188 220
188 222
188 236
188 251
189 219
189 221
189 237
190 191
190 220
190 222
190 223
190 238
190 253
191 222
191 223
191 239
192 224
192 240
192 255
194 195
194 197
195 197
195 201
196 198
196 199
196 202
197 201
197 209
198 199
198 202
198 203
198 210
199 202
199 203
199 205
199 211
200 204
200 206
200 212
201 209
201 225
202 203
202 205
202 210
202 211
202 226
203 205
203 210
203 211
203 213
203 227
204 206
204 207
204 212
204 214
204 228
205 211
205 213
205 217
205 229
206 207
206 212
206 214
206 215
206 218
206 230
207 214
207 215
207 219
207 231
208 216
208 220
208 232
209 225
210 211
210 213
210 226
210 227
211 213
211 217
211 226
211 227
211 229
212 214
212 215
212 218
212 228
212 230
213 217
213 227
213 229
213 233
214 215
214 218
214 219
214 228
214 230
214 231
214 234
215 218
215 219
215 221
215 230
215 231
215 235
216 220
216 222
216 232
216 236
217 229
217 233
217 241
218 219
218 221
218 230
218 234
218 235
218 242
219 221
219 231
219 234
219 235
219 237
219 243
220 222
220 223
220 232
220 236
220 238
220 244
221 235
221 237
221 245
222 223
222 236
222 238
222 239
222 246
223 238
223 239
223 247
224 240
224 248
226 227
226 229
227 229
227 233
228 230
228 231
228 234
229 233
229 241
230 231
230 234
230 235
230 242
231 234
231 235
231 237
231 243
232 236
232 238
232 244
233 241
234 235
234 237
234 242
234 243
235 237
235 242
235 243
235 245
236 238
236 239
236 244
236 246
237 243
237 245
237 249
238 239
238 244
238 246
238 247
238 250
239 246
239 247
239 251
240 248
240 252
242 243
242 245
243 245
243 249
244 246
244 247
244 250
245 249
246 247
246 250
246 251
247 250
247 251
247 253
248 252
248 254
250 251
250 253
251 253
252 254
252 255
254 255
