64 264
2 3
2 5
2 17
2 33
3 5
3 9
3 33
4 6
4 7
4 10
4 19
4 34
4 35
4 37
5 9
5 17
6 7
6 10
6 11
6 18
6 21
6 35
6 37
6 41
7 10
7 11
7 13
7 19
7 37
8 12
8 14
8 20
8 23
8 38
8 39
8 43
9 17
9 33
10 11
10 13
10 18
10 19
10 25
10 34
10 37
10 41
10 49
11 13
11 18
11 19
11 21
11 35
11 41
12 14
12 15
12 20
12 22
12 27
12 36
12 39
12 42
12 43
12 45
12 51
13 19
13 21
13 25
13 37
14 15
14 20
14 22
14 23
14 26
14 29
14 38
14 43
14 45
14 53
15 22
15 23
15 27
15 39
15 45
16 24
16 28
16 31
16 40
16 46
16 47
16 55
17 33
18 19
18 21
18 34
18 35
18 41
18 49
19 21
19 25
19 34
19 35
19 37
19 49
20 22
20 23
20 26
20 36
20 38
20 43
20 50
20 51
20 53
21 25
21 35
21 37
21 41
22 23
22 26
22 27
22 36
22 38
22 39
22 42
22 45
22 51
22 53
22 57
23 26
23 27
23 29
23 38
23 39
23 43
23 53
24 28
24 30
24 40
24 44
24 47
24 54
24 55
24 59
25 37
25 41
25 49
26 27
26 29
26 38
26 42
26 43
26 50
26 53
26 57
27 29
27 39
27 42
27 43
27 45
27 51
27 57
28 30
28 31
28 40
28 44
28 46
28 52
28 55
28 58
28 59
28 61
29 43
29 45
29 53
30 31
30 44
30 46
30 47
30 54
30 59
30 61
31 46
31 47
31 55
31 61
32 48
32 56
32 62
32 63
34 35
34 37
34 49
35 37
35 41
36 38
36 39
36 42
36 51
37 41
37 49
38 39
38 42
38 43
38 50
38 53
39 42
39 43
39 45
39 51
40 44
40 46
40 52
40 55
41 49
42 43
42 45
42 50
42 51
42 57
43 45
43 50
43 51
43 53
44 46
44 47
44 52
44 54
44 59
45 51
45 53
45 57
46 47
46 52
46 54
46 55
46 58
46 61
47 54
47 55
47 59
48 56
48 60
48 63
50 51
50 53
51 53
51 57
52 54
52 55
52 58
53 57
54 55
54 58
54 59
55 58
55 59
55 61
56 60
56 62
58 59
58 61
59 61
60 62
60 63
62 63
