512 3264
2 3
2 5
3 5
3 9
4 6
4 7
4 10
5 9
5 17
6 7
6 10
6 11
6 18
7 10
7 11
7 13
7 19
8 12
8 14
8 20
9 17
9 33
10 11
10 13
10 18
10 19
10 34
11 13
11 18
11 19
11 21
11 35
12 14
12 15
12 20
12 22
12 36
13 19
13 21
13 25
13 37
14 15
14 20
14 22
14 23
14 26
14 38
15 22
15 23
15 27
15 39
16 24
16 28
16 40
17 33
17 65
18 19
18 21
18 34
18 35
18 66
19 21
19 25
19 34
19 35
19 37
19 67
20 22
20 23
20 26
20 36
20 38
20 68
21 25
21 35
21 37
21 41
21 69
22 23
22 26
22 27
22 36
22 38
22 39
22 42
22 70
23 26
23 27
23 29
23 38
23 39
23 43
23 71
24 28
24 30
24 40
24 44
24 72
25 37
25 41
25 49
25 73
26 27
26 29
26 38
26 42
26 43
26 50
26 74
27 29
27 39
27 42
27 43
27 45
27 51
27 75
28 30
28 31
28 40
28 44
28 46
28 52
28 76
29 43
29 45
29 53
29 77
30 31
30 44
30 46
30 47
30 54
30 78
31 46
31 47
31 55
31 79
32 48
32 56
32 80
33 65
33 129
34 35
34 37
34 66
34 67
34 130
35 37
35 41
35 66
35 67
35 69
35 131
36 38
36 39
36 42
36 68
36 70
36 132
37 41
37 49
37 67
37 69
37 73
37 133
38 39
38 42
38 43
38 50
38 68
38 70
38 71
38 74
38 134
39 42
39 43
39 45
39 51
39 70
39 71
39 75
39 135
40 44
40 46
40 52
40 72
40 76
40 136
41 49
41 69
41 73
41 81
41 137
42 43
42 45
42 50
42 51
42 70
42 74
42 75
42 82
42 138
43 45
43 50
43 51
43 53
43 71
43 74
43 75
43 77
43 83
43 139
44 46
44 47
44 52
44 54
44 72
44 76
44 78
44 84
44 140
45 51
45 53
45 57
45 75
45 77
45 85
45 141
46 47
46 52
46 54
46 55
46 58
46 76
46 78
46 79
46 86
46 142
47 54
47 55
47 59
47 78
47 79
47 87
47 143
48 56
48 60
48 80
48 88
48 144
49 73
49 81
49 97
49 145
50 51
50 53
50 74
50 82
50 83
50 98
50 146
51 53
51 57
51 75
51 82
51 83
51 85
51 99
51 147
52 54
52 55
52 58
52 76
52 84
52 86
52 100
52 148
53 57
53 77
53 83
53 85
53 89
53 101
53 149
54 55
54 58
54 59
54 78
54 84
54 86
54 87
54 90
54 102
54 150
55 58
55 59
55 61
55 79
55 86
55 87
55 91
55 103
55 151
56 60
56 62
56 80
56 88
56 92
56 104
56 152
57 85
57 89
57 105
57 153
58 59
58 61
58 86
58 90
58 91
58 106
58 154
59 61
59 87
59 90
59 91
59 93
59 107
59 155
60 62
60 63
60 88
60 92
60 94
60 108
60 156
61 91
61 93
61 109
61 157
62 63
62 92
62 94
62 95
62 110
62 158
63 94
63 95
63 111
63 159
64 96
64 112
64 160
65 129
65 257
66 67
66 69
66 130
66 131
66 258
67 69
67 73
67 130
67 131
67 133
67 259
68 70
68 71
68 74
68 132
68 134
68 260
69 73
69 81
69 131
69 133
69 137
69 261
70 71
70 74
70 75
70 82
70 132
70 134
70 135
70 138
70 262
71 74
71 75
71 77
71 83
71 134
71 135
71 139
71 263
72 76
72 78
72 84
72 136
72 140
72 264
73 81
73 97
73 133
73 137
73 145
73 265
74 75
74 77
74 82
74 83
74 98
74 134
74 138
74 139
74 146
74 266
75 77
75 82
75 83
75 85
75 99
75 135
75 138
75 139
75 141
75 147
75 267
76 78
76 79
76 84
76 86
76 100
76 136
76 140
76 142
76 148
76 268
77 83
77 85
77 89
77 101
77 139
77 141
77 149
77 269
78 79
78 84
78 86
78 87
78 90
78 102
78 140
78 142
78 143
78 150
78 270
79 86
79 87
79 91
79 103
79 142
79 143
79 151
79 271
80 88
80 92
80 104
80 144
80 152
80 272
81 97
81 137
81 145
81 161
81 273
82 83
82 85
82 98
82 99
82 138
82 146
82 147
82 162
82 274
83 85
83 89
83 98
83 99
83 101
83 139
83 146
83 147
83 149
83 163
83 275
84 86
84 87
84 90
84 100
84 102
84 140
84 148
84 150
84 164
84 276
85 89
85 99
85 101
85 105
85 141
85 147
85 149
85 153
85 165
85 277
86 87
86 90
86 91
86 100
86 102
86 103
86 106
86 142
86 148
86 150
86 151
86 154
86 166
86 278
87 90
87 91
87 93
87 102
87 103
87 107
87 143
87 150
87 151
87 155
87 167
87 279
88 92
88 94
88 104
88 108
88 144
88 152
88 156
88 168
88 280
89 101
89 105
89 113
89 149
89 153
89 169
89 281
90 91
90 93
90 102
90 106
90 107
90 114
90 150
90 154
90 155
90 170
90 282
91 93
91 103
91 106
91 107
91 109
91 115
91 151
91 154
91 155
91 157
91 171
91 283
92 94
92 95
92 104
92 108
92 110
92 116
92 152
92 156
92 158
92 172
92 284
93 107
93 109
93 117
93 155
93 157
93 173
93 285
94 95
94 108
94 110
94 111
94 118
94 156
94 158
94 159
94 174
94 286
95 110
95 111
95 119
95 158
95 159
95 175
95 287
96 112
96 120
96 160
96 176
96 288
97 145
97 161
97 193
97 289
98 99
98 101
98 146
98 162
98 163
98 194
98 290
99 101
99 105
99 147
99 162
99 163
99 165
99 195
99 291
100 102
100 103
100 106
100 148
100 164
100 166
100 196
100 292
101 105
101 113
101 149
101 163
101 165
101 169
101 197
101 293
102 103
102 106
102 107
102 114
102 150
102 164
102 166
102 167
102 170
102 198
102 294
103 106
103 107
103 109
103 115
103 151
103 166
103 167
103 171
103 199
103 295
104 108
104 110
104 116
104 152
104 168
104 172
104 200
104 296
105 113
105 153
105 165
105 169
105 177
105 201
105 297
106 107
106 109
106 114
106 115
106 154
106 166
106 170
106 171
106 178
106 202
106 298
107 109
107 114
107 115
107 117
107 155
107 167
107 170
107 171
107 173
107 179
107 203
107 299
108 110
108 111
108 116
108 118
108 156
108 168
108 172
108 174
108 180
108 204
108 300
109 115
109 117
109 121
109 157
109 171
109 173
109 181
109 205
109 301
110 111
110 116
110 118
110 119
110 122
110 158
110 172
110 174
110 175
110 182
110 206
110 302
111 118
111 119
111 123
111 159
111 174
111 175
111 183
111 207
111 303
112 120
112 124
112 160
112 176
112 184
112 208
112 304
113 169
113 177
113 209
113 305
114 115
114 117
114 170
114 178
114 179
114 210
114 306
115 117
115 121
115 171
115 178
115 179
115 181
115 211
115 307
116 118
116 119
116 122
116 172
116 180
116 182
116 212
116 308
117 121
117 173
117 179
117 181
117 185
117 213
117 309
118 119
118 122
118 123
118 174
118 180
118 182
118 183
118 186
118 214
118 310
119 122
119 123
119 125
119 175
119 182
119 183
119 187
119 215
119 311
120 124
120 126
120 176
120 184
120 188
120 216
120 312
121 181
121 185
121 217
121 313
122 123
122 125
122 182
122 186
122 187
122 218
122 314
123 125
123 183
123 186
123 187
123 189
123 219
123 315
124 126
124 127
124 184
124 188
124 190
124 220
124 316
125 187
125 189
125 221
125 317
126 127
126 188
126 190
126 191
126 222
126 318
127 190
127 191
127 223
127 319
128 192
128 224
128 320
129 257
130 131
130 133
130 258
130 259
131 133
131 137
131 258
131 259
131 261
132 134
132 135
132 138
132 260
132 262
133 137
133 145
133 259
133 261
133 265
134 135
134 138
134 139
134 146
134 260
134 262
134 263
134 266
135 138
135 139
135 141
135 147
135 262
135 263
135 267
136 140
136 142
136 148
136 264
136 268
137 145
137 161
137 261
137 265
137 273
138 139
138 141
138 146
138 147
138 162
138 262
138 266
138 267
138 274
139 141
139 146
139 147
139 149
139 163
139 263
139 266
139 267
139 269
139 275
140 142
140 143
140 148
140 150
140 164
140 264
140 268
140 270
140 276
141 147
141 149
141 153
141 165
141 267
141 269
141 277
142 143
142 148
142 150
142 151
142 154
142 166
142 268
142 270
142 271
142 278
143 150
143 151
143 155
143 167
143 270
143 271
143 279
144 152
144 156
144 168
144 272
144 280
145 161
145 193
145 265
145 273
145 289
146 147
146 149
146 162
146 163
146 194
146 266
146 274
146 275
146 290
147 149
147 153
147 162
147 163
147 165
147 195
147 267
147 274
147 275
147 277
147 291
148 150
148 151
148 154
148 164
148 166
148 196
148 268
148 276
148 278
148 292
149 153
149 163
149 165
149 169
149 197
149 269
149 275
149 277
149 281
149 293
150 151
150 154
150 155
150 164
150 166
150 167
150 170
150 198
150 270
150 276
150 278
150 279
150 282
150 294
151 154
151 155
151 157
151 166
151 167
151 171
151 199
151 271
151 278
151 279
151 283
151 295
152 156
152 158
152 168
152 172
152 200
152 272
152 280
152 284
152 296
153 165
153 169
153 177
153 201
153 277
153 281
153 297
154 155
154 157
154 166
154 170
154 171
154 178
154 202
154 278
154 282
154 283
154 298
155 157
155 167
155 170
155 171
155 173
155 179
155 203
155 279
155 282
155 283
155 285
155 299
156 158
156 159
156 168
156 172
156 174
156 180
156 204
156 280
156 284
156 286
156 300
157 171
157 173
157 181
157 205
157 283
157 285
157 301
158 159
158 172
158 174
158 175
158 182
158 206
158 284
158 286
158 287
158 302
159 174
159 175
159 183
159 207
159 286
159 287
159 303
160 176
160 184
160 208
160 288
160 304
161 193
161 273
161 289
161 321
162 163
162 165
162 194
162 195
162 274
162 290
162 291
162 322
163 165
163 169
163 194
163 195
163 197
163 275
163 290
163 291
163 293
163 323
164 166
164 167
164 170
164 196
164 198
164 276
164 292
164 294
164 324
165 169
165 177
165 195
165 197
165 201
165 277
165 291
165 293
165 297
165 325
166 167
166 170
166 171
166 178
166 196
166 198
166 199
166 202
166 278
166 292
166 294
166 295
166 298
166 326
167 170
167 171
167 173
167 179
167 198
167 199
167 203
167 279
167 294
167 295
167 299
167 327
168 172
168 174
168 180
168 200
168 204
168 280
168 296
168 300
168 328
169 177
169 197
169 201
169 209
169 281
169 293
169 297
169 305
169 329
170 171
170 173
170 178
170 179
170 198
170 202
170 203
170 210
170 282
170 294
170 298
170 299
170 306
170 330
171 173
171 178
171 179
171 181
171 199
171 202
171 203
171 205
171 211
171 283
171 295
171 298
171 299
171 301
171 307
171 331
172 174
172 175
172 180
172 182
172 200
172 204
172 206
172 212
172 284
172 296
172 300
172 302
172 308
172 332
173 179
173 181
173 185
173 203
173 205
173 213
173 285
173 299
173 301
173 309
173 333
174 175
174 180
174 182
174 183
174 186
174 204
174 206
174 207
174 214
174 286
174 300
174 302
174 303
174 310
174 334
175 182
175 183
175 187
175 206
175 207
175 215
175 287
175 302
175 303
175 311
175 335
176 184
176 188
176 208
176 216
176 288
176 304
176 312
176 336
177 201
177 209
177 225
177 297
177 305
177 337
178 179
178 181
178 202
178 210
178 211
178 226
178 298
178 306
178 307
178 338
179 181
179 185
179 203
179 210
179 211
179 213
179 227
179 299
179 306
179 307
179 309
179 339
180 182
180 183
180 186
180 204
180 212
180 214
180 228
180 300
180 308
180 310
180 340
181 185
181 205
181 211
181 213
181 217
181 229
181 301
181 307
181 309
181 313
181 341
182 183
182 186
182 187
182 206
182 212
182 214
182 215
182 218
182 230
182 302
182 308
182 310
182 311
182 314
182 342
183 186
183 187
183 189
183 207
183 214
183 215
183 219
183 231
183 303
183 310
183 311
183 315
183 343
184 188
184 190
184 208
184 216
184 220
184 232
184 304
184 312
184 316
184 344
185 213
185 217
185 233
185 309
185 313
185 345
186 187
186 189
186 214
186 218
186 219
186 234
186 310
186 314
186 315
186 346
187 189
187 215
187 218
187 219
187 221
187 235
187 311
187 314
187 315
187 317
187 347
188 190
188 191
188 216
188 220
188 222
188 236
188 312
188 316
188 318
188 348
189 219
189 221
189 237
189 315
189 317
189 349
190 191
190 220
190 222
190 223
190 238
190 316
190 318
190 319
190 350
191 222
191 223
191 239
191 318
191 319
191 351
192 224
192 240
192 320
192 352
193 289
193 321
193 385
194 195
194 197
194 290
194 322
194 323
194 386
195 197
195 201
195 291
195 322
195 323
195 325
195 387
196 198
196 199
196 202
196 292
196 324
196 326
196 388
197 201
197 209
197 293
197 323
197 325
197 329
197 389
198 199
198 202
198 203
198 210
198 294
198 324
198 326
198 327
198 330
198 390
199 202
199 203
199 205
199 211
199 295
199 326
199 327
199 331
199 391
200 204
200 206
200 212
200 296
200 328
200 332
200 392
201 209
201 225
201 297
201 325
201 329
201 337
201 393
202 203
202 205
202 210
202 211
202 226
202 298
202 326
202 330
202 331
202 338
202 394
203 205
203 210
203 211
203 213
203 227
203 299
203 327
203 330
203 331
203 333
203 339
203 395
204 206
204 207
204 212
204 214
204 228
204 300
204 328
204 332
204 334
204 340
204 396
205 211
205 213
205 217
205 229
205 301
205 331
205 333
205 341
205 397
206 207
206 212
206 214
206 215
206 218
206 230
206 302
206 332
206 334
206 335
206 342
206 398
207 214
207 215
207 219
207 231
207 303
207 334
207 335
207 343
207 399
208 216
208 220
208 232
208 304
208 336
208 344
208 400
209 225
209 305
209 329
209 337
209 353
209 401
210 211
210 213
210 226
210 227
210 306
210 330
210 338
210 339
210 354
210 402
211 213
211 217
211 226
211 227
211 229
211 307
211 331
211 338
211 339
211 341
211 355
211 403
212 214
212 215
212 218
212 228
212 230
212 308
212 332
212 340
212 342
212 356
212 404
213 217
213 227
213 229
213 233
213 309
213 333
213 339
213 341
213 345
213 357
213 405
214 215
214 218
214 219
214 228
214 230
214 231
214 234
214 310
214 334
214 340
214 342
214 343
214 346
214 358
214 406
215 218
215 219
215 221
215 230
215 231
215 235
215 311
215 335
215 342
215 343
215 347
215 359
215 407
216 220
216 222
216 232
216 236
216 312
216 336
216 344
216 348
216 360
216 408
217 229
217 233
217 241
217 313
217 341
217 345
217 361
217 409
218 219
218 221
218 230
218 234
218 235
218 242
218 314
218 342
218 346
218 347
218 362
218 410
219 221
219 231
219 234
219 235
219 237
219 243
219 315
219 343
219 346
219 347
219 349
219 363
219 411
220 222
220 223
220 232
220 236
220 238
220 244
220 316
220 344
220 348
220 350
220 364
220 412
221 235
221 237
221 245
221 317
221 347
221 349
221 365
221 413
222 223
222 236
222 238
222 239
222 246
222 318
222 348
222 350
222 351
222 366
222 414
223 238
223 239
223 247
223 319
223 350
223 351
223 367
223 415
224 240
224 248
224 320
224 352
224 368
224 416
225 337
225 353
225 417
226 227
226 229
226 338
226 354
226 355
226 418
227 229
227 233
227 339
227 354
227 355
227 357
227 419
228 230
228 231
228 234
228 340
228 356
228 358
228 420
229 233
229 241
229 341
229 355
229 357
229 361
229 421
230 231
230 234
230 235
230 242
230 342
230 356
230 358
230 359
230 362
230 422
231 234
231 235
231 237
231 243
231 343
231 358
231 359
231 363
231 423
232 236
232 238
232 244
232 344
232 360
232 364
232 424
233 241
233 345
233 357
233 361
233 369
233 425
234 235
234 237
234 242
234 243
234 346
234 358
234 362
234 363
234 370
234 426
235 237
235 242
235 243
235 245
235 347
235 359
235 362
235 363
235 365
235 371
235 427
236 238
236 239
236 244
236 246
236 348
236 360
236 364
236 366
236 372
236 428
237 243
237 245
237 249
237 349
237 363
237 365
237 373
237 429
238 239
238 244
238 246
238 247
238 250
238 350
238 364
238 366
238 367
238 374
238 430
239 246
239 247
239 251
239 351
239 366
239 367
239 375
239 431
240 248
240 252
240 352
240 368
240 376
240 432
241 361
241 369
241 433
242 243
242 245
242 362
242 370
242 371
242 434
243 245
243 249
243 363
243 370
243 371
243 373
243 435
244 246
244 247
244 250
244 364
244 372
244 374
244 436
245 249
245 365
245 371
245 373
245 377
245 437
246 247
246 250
246 251
246 366
246 372
246 374
246 375
246 378
246 438
247 250
247 251
247 253
247 367
247 374
247 375
247 379
247 439
248 252
248 254
248 368
248 376
248 380
248 440
249 373
249 377
249 441
250 251
250 253
250 374
250 378
250 379
250 442
251 253
251 375
251 378
251 379
251 381
251 443
252 254
252 255
252 376
252 380
252 382
252 444
253 379
253 381
253 445
254 255
254 380
254 382
254 383
254 446
255 382
255 383
255 447
256 384
256 448
258 259
258 261
259 261
259 265
260 262
260 263
260 266
261 265
261 273
262 263
262 266
262 267
262 274
263 266
263 267
263 269
263 275
264 268
264 270
264 276
265 273
265 289
266 267
266 269
266 274
266 275
266 290
267 269
267 274
267 275
267 277
267 291
268 270
268 271
268 276
268 278
268 292
269 275
269 277
269 281
269 293
270 271
270 276
270 278
270 279
270 282
270 294
271 278
271 279
271 283
271 295
272 280
272 284
272 296
273 289
273 321
274 275
274 277
274 290
274 291
274 322
275 277
275 281
275 290
275 291
275 293
275 323
276 278
276 279
276 282
276 292
276 294
276 324
277 281
277 291
277 293
277 297
277 325
278 279
278 282
278 283
278 292
278 294
278 295
278 298
278 326
279 282
279 283
279 285
279 294
279 295
279 299
279 327
280 284
280 286
280 296
280 300
280 328
281 293
281 297
281 305
281 329
282 283
282 285
282 294
282 298
282 299
282 306
282 330
283 285
283 295
283 298
283 299
283 301
283 307
283 331
284 286
284 287
284 296
284 300
284 302
284 308
284 332
285 299
285 301
285 309
285 333
286 287
286 300
286 302
286 303
286 310
286 334
287 302
287 303
287 311
287 335
288 304
288 312
288 336
289 321
289 385
290 291
290 293
290 322
290 323
290 386
291 293
291 297
291 322
291 323
291 325
291 387
292 294
292 295
292 298
292 324
292 326
292 388
293 297
293 305
293 323
293 325
293 329
293 389
294 295
294 298
294 299
294 306
294 324
294 326
294 327
294 330
294 390
295 298
295 299
295 301
295 307
295 326
295 327
295 331
295 391
296 300
296 302
296 308
296 328
296 332
296 392
297 305
297 325
297 329
297 337
297 393
298 299
298 301
298 306
298 307
298 326
298 330
298 331
298 338
298 394
299 301
299 306
299 307
299 309
299 327
299 330
299 331
299 333
299 339
299 395
300 302
300 303
300 308
300 310
300 328
300 332
300 334
300 340
300 396
301 307
301 309
301 313
301 331
301 333
301 341
301 397
302 303
302 308
302 310
302 311
302 314
302 332
302 334
302 335
302 342
302 398
303 310
303 311
303 315
303 334
303 335
303 343
303 399
304 312
304 316
304 336
304 344
304 400
305 329
305 337
305 353
305 401
306 307
306 309
306 330
306 338
306 339
306 354
306 402
307 309
307 313
307 331
307 338
307 339
307 341
307 355
307 403
308 310
308 311
308 314
308 332
308 340
308 342
308 356
308 404
309 313
309 333
309 339
309 341
309 345
309 357
309 405
310 311
310 314
310 315
310 334
310 340
310 342
310 343
310 346
310 358
310 406
311 314
311 315
311 317
311 335
311 342
311 343
311 347
311 359
311 407
312 316
312 318
312 336
312 344
312 348
312 360
312 408
313 341
313 345
313 361
313 409
314 315
314 317
314 342
314 346
314 347
314 362
314 410
315 317
315 343
315 346
315 347
315 349
315 363
315 411
316 318
316 319
316 344
316 348
316 350
316 364
316 412
317 347
317 349
317 365
317 413
318 319
318 348
318 350
318 351
318 366
318 414
319 350
319 351
319 367
319 415
320 352
320 368
320 416
321 385
322 323
322 325
322 386
322 387
323 325
323 329
323 386
323 387
323 389
324 326
324 327
324 330
324 388
324 390
325 329
325 337
325 387
325 389
325 393
326 327
326 330
326 331
326 338
326 388
326 390
326 391
326 394
327 330
327 331
327 333
327 339
327 390
327 391
327 395
328 332
328 334
328 340
328 392
328 396
329 337
329 353
329 389
329 393
329 401
330 331
330 333
330 338
330 339
330 354
330 390
330 394
330 395
330 402
331 333
331 338
331 339
331 341
331 355
331 391
331 394
331 395
331 397
331 403
332 334
332 335
332 340
332 342
332 356
332 392
332 396
332 398
332 404
333 339
333 341
333 345
333 357
333 395
333 397
333 405
334 335
334 340
334 342
334 343
334 346
334 358
334 396
334 398
334 399
334 406
335 342
335 343
335 347
335 359
335 398
335 399
335 407
336 344
336 348
336 360
336 400
336 408
337 353
337 393
337 401
337 417
338 339
338 341
338 354
338 355
338 394
338 402
338 403
338 418
339 341
339 345
339 354
339 355
339 357
339 395
339 402
339 403
339 405
339 419
340 342
340 343
340 346
340 356
340 358
340 396
340 404
340 406
340 420
341 345
341 355
341 357
341 361
341 397
341 403
341 405
341 409
341 421
342 343
342 346
342 347
342 356
342 358
342 359
342 362
342 398
342 404
342 406
342 407
342 410
342 422
343 346
343 347
343 349
343 358
343 359
343 363
343 399
343 406
343 407
343 411
343 423
344 348
344 350
344 360
344 364
344 400
344 408
344 412
344 424
345 357
345 361
345 369
345 405
345 409
345 425
346 347
346 349
346 358
346 362
346 363
346 370
346 406
346 410
346 411
346 426
347 349
347 359
347 362
347 363
347 365
347 371
347 407
347 410
347 411
347 413
347 427
348 350
348 351
348 360
348 364
348 366
348 372
348 408
348 412
348 414
348 428
349 363
349 365
349 373
349 411
349 413
349 429
350 351
350 364
350 366
350 367
350 374
350 412
350 414
350 415
350 430
351 366
351 367
351 375
351 414
351 415
351 431
352 368
352 376
352 416
352 432
353 401
353 417
353 449
354 355
354 357
354 402
354 418
354 419
354 450
355 357
355 361
355 403
355 418
355 419
355 421
355 451
356 358
356 359
356 362
356 404
356 420
356 422
356 452
357 361
357 369
357 405
357 419
357 421
357 425
357 453
358 359
358 362
358 363
358 370
358 406
358 420
358 422
358 423
358 426
358 454
359 362
359 363
359 365
359 371
359 407
359 422
359 423
359 427
359 455
360 364
360 366
360 372
360 408
360 424
360 428
360 456
361 369
361 409
361 421
361 425
361 433
361 457
362 363
362 365
362 370
362 371
362 410
362 422
362 426
362 427
362 434
362 458
363 365
363 370
363 371
363 373
363 411
363 423
363 426
363 427
363 429
363 435
363 459
364 366
364 367
364 372
364 374
364 412
364 424
364 428
364 430
364 436
364 460
365 371
365 373
365 377
365 413
365 427
365 429
365 437
365 461
366 367
366 372
366 374
366 375
366 378
366 414
366 428
366 430
366 431
366 438
366 462
367 374
367 375
367 379
367 415
367 430
367 431
367 439
367 463
368 376
368 380
368 416
368 432
368 440
368 464
369 425
369 433
369 465
370 371
370 373
370 426
370 434
370 435
370 466
371 373
371 377
371 427
371 434
371 435
371 437
371 467
372 374
372 375
372 378
372 428
372 436
372 438
372 468
373 377
373 429
373 435
373 437
373 441
373 469
374 375
374 378
374 379
374 430
374 436
374 438
374 439
374 442
374 470
375 378
375 379
375 381
375 431
375 438
375 439
375 443
375 471
376 380
376 382
376 432
376 440
376 444
376 472
377 437
377 441
377 473
378 379
378 381
378 438
378 442
378 443
378 474
379 381
379 439
379 442
379 443
379 445
379 475
380 382
380 383
380 440
380 444
380 446
380 476
381 443
381 445
381 477
382 383
382 444
382 446
382 447
382 478
383 446
383 447
383 479
384 448
384 480
386 387
386 389
387 389
387 393
388 390
388 391
388 394
389 393
389 401
390 391
390 394
390 395
390 402
391 394
391 395
391 397
391 403
392 396
392 398
392 404
393 401
393 417
394 395
394 397
394 402
394 403
394 418
395 397
395 402
395 403
395 405
395 419
396 398
396 399
396 404
396 406
396 420
397 403
397 405
397 409
397 421
398 399
398 404
398 406
398 407
398 410
398 422
399 406
399 407
399 411
399 423
400 408
400 412
400 424
401 417
401 449
402 403
402 405
402 418
402 419
402 450
403 405
403 409
403 418
403 419
403 421
403 451
404 406
404 407
404 410
404 420
404 422
404 452
405 409
405 419
405 421
405 425
405 453
406 407
406 410
406 411
406 420
406 422
406 423
406 426
406 454
407 410
407 411
407 413
407 422
407 423
407 427
407 455
408 412
408 414
408 424
408 428
408 456
409 421
409 425
409 433
409 457
410 411
410 413
410 422
410 426
410 427
410 434
410 458
411 413
411 423
411 426
411 427
411 429
411 435
411 459
412 414
412 415
412 424
412 428
412 430
412 436
412 460
413 427
413 429
413 437
413 461
414 415
414 428
414 430
414 431
414 438
414 462
415 430
415 431
415 439
415 463
416 432
416 440
416 464
417 449
418 419
418 421
418 450
418 451
419 421
419 425
419 450
419 451
419 453
420 422
420 423
420 426
420 452
420 454
421 425
421 433
421 451
421 453
421 457
422 423
422 426
422 427
422 434
422 452
422 454
422 455
422 458
423 426
423 427
423 429
423 435
423 454
423 455
423 459
424 428
424 430
424 436
424 456
424 460
425 433
425 453
425 457
425 465
426 427
426 429
426 434
426 435
426 454
426 458
426 459
426 466
427 429
427 434
427 435
427 437
427 455
427 458
427 459
427 461
427 467
428 430
428 431
428 436
428 438
428 456
428 460
428 462
428 468
429 435
429 437
429 441
429 459
429 461
429 469
430 431
430 436
430 438
430 439
430 442
430 460
430 462
430 463
430 470
431 438
431 439
431 443
431 462
431 463
431 471
432 440
432 444
432 464
432 472
433 457
433 465
433 481
434 435
434 437
434 458
434 466
434 467
434 482
435 437
435 441
435 459
435 466
435 467
435 469
435 483
436 438
436 439
436 442
436 460
436 468
436 470
436 484
437 441
437 461
437 467
437 469
437 473
437 485
438 439
438 442
438 443
438 462
438 468
438 470
438 471
438 474
438 486
439 442
439 443
439 445
439 463
439 470
439 471
439 475
439 487
440 444
440 446
440 464
440 472
440 476
440 488
441 469
441 473
441 489
442 443
442 445
442 470
442 474
442 475
442 490
443 445
443 471
443 474
443 475
443 477
443 491
444 446
444 447
444 472
444 476
444 478
444 492
445 475
445 477
445 493
446 447
446 476
446 478
446 479
446 494
447 478
447 479
447 495
448 480
448 496
450 451
450 453
451 453
451 457
452 454
452 455
452 458
453 457
453 465
454 455
454 458
454 459
454 466
455 458
455 459
455 461
455 467
456 460
456 462
456 468
457 465
457 481
458 459
458 461
458 466
458 467
458 482
459 461
459 466
459 467
459 469
459 483
460 462
460 463
460 468
460 470
460 484
461 467
461 469
461 473
461 485
462 463
462 468
462 470
462 471
462 474
462 486
463 470
463 471
463 475
463 487
464 472
464 476
464 488
465 481
466 467
466 469
466 482
466 483
467 469
467 473
467 482
467 483
467 485
468 470
468 471
468 474
468 484
468 486
469 473
469 483
469 485
469 489
470 471
470 474
470 475
470 484
470 486
470 487
470 490
471 474
471 475
471 477
471 486
471 487
471 491
472 476
472 478
472 488
472 492
473 485
473 489
473 497
474 475
474 477
474 486
474 490
474 491
474 498
475 477
475 487
475 490
475 491
475 493
475 499
476 478
476 479
476 488
476 492
476 494
476 500
477 491
477 493
477 501
478 479
478 492
478 494
478 495
478 502
479 494
479 495
479 503
480 496
480 504
482 483
482 485
483 485
483 489
484 486
484 487
484 490
485 489
485 497
486 487
486 490
486 491
486 498
487 490
487 491
487 493
487 499
488 492
488 494
488 500
489 497
490 491
490 493
490 498
490 499
491 493
491 498
491 499
491 501
492 494
492 495
492 500
492 502
493 499
493 501
493 505
494 495
494 500
494 502
494 503
494 506
495 502
495 503
495 507
496 504
496 508
498 499
498 501
499 501
499 505
500 502
500 503
500 506
501 505
502 503
502 506
502 507
503 506
503 507
503 509
504 508
504 510
506 507
506 509
507 509
508 510
508 511
510 511
