1024 7936
2 3
2 5
3 5
3 9
4 6
4 7
4 10
5 9
5 17
6 7
6 10
6 11
6 18
7 10
7 11
7 13
7 19
8 12
8 14
8 20
9 17
9 33
10 11
10 13
10 18
10 19
10 34
11 13
11 18
11 19
11 21
11 35
12 14
12 15
12 20
12 22
12 36
13 19
13 21
13 25
13 37
14 15
14 20
14 22
14 23
14 26
14 38
15 22
15 23
15 27
15 39
16 24
16 28
16 40
17 33
17 65
18 19
18 21
18 34
18 35
18 66
19 21
19 25
19 34
19 35
19 37
19 67
20 22
20 23
20 26
20 36
20 38
20 68
21 25
21 35
21 37
21 41
21 69
22 23
22 26
22 27
22 36
22 38
22 39
22 42
22 70
23 26
23 27
23 29
23 38
23 39
23 43
23 71
24 28
24 30
24 40
24 44
24 72
25 37
25 41
25 49
25 73
26 27
26 29
26 38
26 42
26 43
26 50
26 74
27 29
27 39
27 42
27 43
27 45
27 51
27 75
28 30
28 31
28 40
28 44
28 46
28 52
28 76
29 43
29 45
29 53
29 77
30 31
30 44
30 46
30 47
30 54
30 78
31 46
31 47
31 55
31 79
32 48
32 56
32 80
33 65
33 129
34 35
34 37
34 66
34 67
34 130
35 37
35 41
35 66
35 67
35 69
35 131
36 38
36 39
36 42
36 68
36 70
36 132
37 41
37 49
37 67
37 69
37 73
37 133
38 39
38 42
38 43
38 50
38 68
38 70
38 71
38 74
38 134
39 42
39 43
39 45
39 51
39 70
39 71
39 75
39 135
40 44
40 46
40 52
40 72
40 76
40 136
41 49
41 69
41 73
41 81
41 137
42 43
42 45
42 50
42 51
42 70
42 74
42 75
42 82
42 138
43 45
43 50
43 51
43 53
43 71
43 74
43 75
43 77
43 83
43 139
44 46
44 47
44 52
44 54
44 72
44 76
44 78
44 84
44 140
45 51
45 53
45 57
45 75
45 77
45 85
45 141
46 47
46 52
46 54
46 55
46 58
46 76
46 78
46 79
46 86
46 142
47 54
47 55
47 59
47 78
47 79
47 87
47 143
48 56
48 60
48 80
48 88
48 144
49 73
49 81
49 97
49 145
50 51
50 53
50 74
50 82
50 83
50 98
50 146
51 53
51 57
51 75
51 82
51 83
51 85
51 99
51 147
52 54
52 55
52 58
52 76
52 84
52 86
52 100
52 148
53 57
53 77
53 83
53 85
53 89
53 101
53 149
54 55
54 58
54 59
54 78
54 84
54 86
54 87
54 90
54 102
54 150
55 58
55 59
55 61
55 79
55 86
55 87
55 91
55 103
55 151
56 60
56 62
56 80
56 88
56 92
56 104
56 152
57 85
57 89
57 105
57 153
58 59
58 61
58 86
58 90
58 91
58 106
58 154
59 61
59 87
59 90
59 91
59 93
59 107
59 155
60 62
60 63
60 88
60 92
60 94
60 108
60 156
61 91
61 93
61 109
61 157
62 63
62 92
62 94
62 95
62 110
62 158
63 94
63 95
63 111
63 159
64 96
64 112
64 160
65 129
65 257
66 67
66 69
66 130
66 131
66 258
67 69
67 73
67 130
67 131
67 133
67 259
68 70
68 71
68 74
68 132
68 134
68 260
69 73
69 81
69 131
69 133
69 137
69 261
70 71
70 74
70 75
70 82
70 132
70 134
70 135
70 138
70 262
71 74
71 75
71 77
71 83
71 134
71 135
71 139
71 263
72 76
72 78
72 84
72 136
72 140
72 264
73 81
73 97
73 133
73 137
73 145
73 265
74 75
74 77
74 82
74 83
74 98
74 134
74 138
74 139
74 146
74 266
75 77
75 82
75 83
75 85
75 99
75 135
75 138
75 139
75 141
75 147
75 267
76 78
76 79
76 84
76 86
76 100
76 136
76 140
76 142
76 148
76 268
77 83
77 85
77 89
77 101
77 139
77 141
77 149
77 269
78 79
78 84
78 86
78 87
78 90
78 102
78 140
78 142
78 143
78 150
78 270
79 86
79 87
79 91
79 103
79 142
79 143
79 151
79 271
80 88
80 92
80 104
80 144
80 152
80 272
81 97
81 137
81 145
81 161
81 273
82 83
82 85
82 98
82 99
82 138
82 146
82 147
82 162
82 274
83 85
83 89
83 98
83 99
83 101
83 139
83 146
83 147
83 149
83 163
83 275
84 86
84 87
84 90
84 100
84 102
84 140
84 148
84 150
84 164
84 276
85 89
85 99
85 101
85 105
85 141
85 147
85 149
85 153
85 165
85 277
86 87
86 90
86 91
86 100
86 102
86 103
86 106
86 142
86 148
86 150
86 151
86 154
86 166
86 278
87 90
87 91
87 93
87 102
87 103
87 107
87 143
87 150
87 151
87 155
87 167
87 279
88 92
88 94
88 104
88 108
88 144
88 152
88 156
88 168
88 280
89 101
89 105
89 113
89 149
89 153
89 169
89 281
90 91
90 93
90 102
90 106
90 107
90 114
90 150
90 154
90 155
90 170
90 282
91 93
91 103
91 106
91 107
91 109
91 115
91 151
91 154
91 155
91 157
91 171
91 283
92 94
92 95
92 104
92 108
92 110
92 116
92 152
92 156
92 158
92 172
92 284
93 107
93 109
93 117
93 155
93 157
93 173
93 285
94 95
94 108
94 110
94 111
94 118
94 156
94 158
94 159
94 174
94 286
95 110
95 111
95 119
95 158
95 159
95 175
95 287
96 112
96 120
96 160
96 176
96 288
97 145
97 161
97 193
97 289
98 99
98 101
98 146
98 162
98 163
98 194
98 290
99 101
99 105
99 147
99 162
99 163
99 165
99 195
99 291
100 102
100 103
100 106
100 148
100 164
100 166
100 196
100 292
101 105
101 113
101 149
101 163
101 165
101 169
101 197
101 293
102 103
102 106
102 107
102 114
102 150
102 164
102 166
102 167
102 170
102 198
102 294
103 106
103 107
103 109
103 115
103 151
103 166
103 167
103 171
103 199
103 295
104 108
104 110
104 116
104 152
104 168
104 172
104 200
104 296
105 113
105 153
105 165
105 169
105 177
105 201
105 297
106 107
106 109
106 114
106 115
106 154
106 166
106 170
106 171
106 178
106 202
106 298
107 109
107 114
107 115
107 117
107 155
107 167
107 170
107 171
107 173
107 179
107 203
107 299
108 110
108 111
108 116
108 118
108 156
108 168
108 172
108 174
108 180
108 204
108 300
109 115
109 117
109 121
109 157
109 171
109 173
109 181
109 205
109 301
110 111
110 116
110 118
110 119
110 122
110 158
110 172
110 174
110 175
110 182
110 206
110 302
111 118
111 119
111 123
111 159
111 174
111 175
111 183
111 207
111 303
112 120
112 124
112 160
112 176
112 184
112 208
112 304
113 169
113 177
113 209
113 305
114 115
114 117
114 170
114 178
114 179
114 210
114 306
115 117
115 121
115 171
115 178
115 179
115 181
115 211
115 307
116 118
116 119
116 122
116 172
116 180
116 182
116 212
116 308
117 121
117 173
117 179
117 181
117 185
117 213
117 309
118 119
118 122
118 123
118 174
118 180
118 182
118 183
118 186
118 214
118 310
119 122
119 123
119 125
119 175
119 182
119 183
119 187
119 215
119 311
120 124
120 126
120 176
120 184
120 188
120 216
120 312
121 181
121 185
121 217
121 313
122 123
122 125
122 182
122 186
122 187
122 218
122 314
123 125
123 183
123 186
123 187
123 189
123 219
123 315
124 126
124 127
124 184
124 188
124 190
124 220
124 316
125 187
125 189
125 221
125 317
126 127
126 188
126 190
126 191
126 222
126 318
127 190
127 191
127 223
127 319
128 192
128 224
128 320
129 257
129 513
130 131
130 133
130 258
130 259
130 514
131 133
131 137
131 258
131 259
131 261
131 515
132 134
132 135
132 138
132 260
132 262
132 516
133 137
133 145
133 259
133 261
133 265
133 517
134 135
134 138
134 139
134 146
134 260
134 262
134 263
134 266
134 518
135 138
135 139
135 141
135 147
135 262
135 263
135 267
135 519
136 140
136 142
136 148
136 264
136 268
136 520
137 145
137 161
137 261
137 265
137 273
137 521
138 139
138 141
138 146
138 147
138 162
138 262
138 266
138 267
138 274
138 522
139 141
139 146
139 147
139 149
139 163
139 263
139 266
139 267
139 269
139 275
139 523
140 142
140 143
140 148
140 150
140 164
140 264
140 268
140 270
140 276
140 524
141 147
141 149
141 153
141 165
141 267
141 269
141 277
141 525
142 143
142 148
142 150
142 151
142 154
142 166
142 268
142 270
142 271
142 278
142 526
143 150
143 151
143 155
143 167
143 270
143 271
143 279
143 527
144 152
144 156
144 168
144 272
144 280
144 528
145 161
145 193
145 265
145 273
145 289
145 529
146 147
146 149
146 162
146 163
146 194
146 266
146 274
146 275
146 290
146 530
147 149
147 153
147 162
147 163
147 165
147 195
147 267
147 274
147 275
147 277
147 291
147 531
148 150
148 151
148 154
148 164
148 166
148 196
148 268
148 276
148 278
148 292
148 532
149 153
149 163
149 165
149 169
149 197
149 269
149 275
149 277
149 281
149 293
149 533
150 151
150 154
150 155
150 164
150 166
150 167
150 170
150 198
150 270
150 276
150 278
150 279
150 282
150 294
150 534
151 154
151 155
151 157
151 166
151 167
151 171
151 199
151 271
151 278
151 279
151 283
151 295
151 535
152 156
152 158
152 168
152 172
152 200
152 272
152 280
152 284
152 296
152 536
153 165
153 169
153 177
153 201
153 277
153 281
153 297
153 537
154 155
154 157
154 166
154 170
154 171
154 178
154 202
154 278
154 282
154 283
154 298
154 538
155 157
155 167
155 170
155 171
155 173
155 179
155 203
155 279
155 282
155 283
155 285
155 299
155 539
156 158
156 159
156 168
156 172
156 174
156 180
156 204
156 280
156 284
156 286
156 300
156 540
157 171
157 173
157 181
157 205
157 283
157 285
157 301
157 541
158 159
158 172
158 174
158 175
158 182
158 206
158 284
158 286
158 287
158 302
158 542
159 174
159 175
159 183
159 207
159 286
159 287
159 303
159 543
160 176
160 184
160 208
160 288
160 304
160 544
161 193
161 273
161 289
161 321
161 545
162 163
162 165
162 194
162 195
162 274
162 290
162 291
162 322
162 546
163 165
163 169
163 194
163 195
163 197
163 275
163 290
163 291
163 293
163 323
163 547
164 166
164 167
164 170
164 196
164 198
164 276
164 292
164 294
164 324
164 548
165 169
165 177
165 195
165 197
165 201
165 277
165 291
165 293
165 297
165 325
165 549
166 167
166 170
166 171
166 178
166 196
166 198
166 199
166 202
166 278
166 292
166 294
166 295
166 298
166 326
166 550
167 170
167 171
167 173
167 179
167 198
167 199
167 203
167 279
167 294
167 295
167 299
167 327
167 551
168 172
168 174
168 180
168 200
168 204
168 280
168 296
168 300
168 328
168 552
169 177
169 197
169 201
169 209
169 281
169 293
169 297
169 305
169 329
169 553
170 171
170 173
170 178
170 179
170 198
170 202
170 203
170 210
170 282
170 294
170 298
170 299
170 306
170 330
170 554
171 173
171 178
171 179
171 181
171 199
171 202
171 203
171 205
171 211
171 283
171 295
171 298
171 299
171 301
171 307
171 331
171 555
172 174
172 175
172 180
172 182
172 200
172 204
172 206
172 212
172 284
172 296
172 300
172 302
172 308
172 332
172 556
173 179
173 181
173 185
173 203
173 205
173 213
173 285
173 299
173 301
173 309
173 333
173 557
174 175
174 180
174 182
174 183
174 186
174 204
174 206
174 207
174 214
174 286
174 300
174 302
174 303
174 310
174 334
174 558
175 182
175 183
175 187
175 206
175 207
175 215
175 287
175 302
175 303
175 311
175 335
175 559
176 184
176 188
176 208
176 216
176 288
176 304
176 312
176 336
176 560
177 201
177 209
177 225
177 297
177 305
177 337
177 561
178 179
178 181
178 202
178 210
178 211
178 226
178 298
178 306
178 307
178 338
178 562
179 181
179 185
179 203
179 210
179 211
179 213
179 227
179 299
179 306
179 307
179 309
179 339
179 563
180 182
180 183
180 186
180 204
180 212
180 214
180 228
180 300
180 308
180 310
180 340
180 564
181 185
181 205
181 211
181 213
181 217
181 229
181 301
181 307
181 309
181 313
181 341
181 565
182 183
182 186
182 187
182 206
182 212
182 214
182 215
182 218
182 230
182 302
182 308
182 310
182 311
182 314
182 342
182 566
183 186
183 187
183 189
183 207
183 214
183 215
183 219
183 231
183 303
183 310
183 311
183 315
183 343
183 567
184 188
184 190
184 208
184 216
184 220
184 232
184 304
184 312
184 316
184 344
184 568
185 213
185 217
185 233
185 309
185 313
185 345
185 569
186 187
186 189
186 214
186 218
186 219
186 234
186 310
186 314
186 315
186 346
186 570
187 189
187 215
187 218
187 219
187 221
187 235
187 311
187 314
187 315
187 317
187 347
187 571
188 190
188 191
188 216
188 220
188 222
188 236
188 312
188 316
188 318
188 348
188 572
189 219
189 221
189 237
189 315
189 317
189 349
189 573
190 191
190 220
190 222
190 223
190 238
190 316
190 318
190 319
190 350
190 574
191 222
191 223
191 239
191 318
191 319
191 351
191 575
192 224
192 240
192 320
192 352
192 576
193 289
193 321
193 385
193 577
194 195
194 197
194 290
194 322
194 323
194 386
194 578
195 197
195 201
195 291
195 322
195 323
195 325
195 387
195 579
196 198
196 199
196 202
196 292
196 324
196 326
196 388
196 580
197 201
197 209
197 293
197 323
197 325
197 329
197 389
197 581
198 199
198 202
198 203
198 210
198 294
198 324
198 326
198 327
198 330
198 390
198 582
199 202
199 203
199 205
199 211
199 295
199 326
199 327
199 331
199 391
199 583
200 204
200 206
200 212
200 296
200 328
200 332
200 392
200 584
201 209
201 225
201 297
201 325
201 329
201 337
201 393
201 585
202 203
202 205
202 210
202 211
202 226
202 298
202 326
202 330
202 331
202 338
202 394
202 586
203 205
203 210
203 211
203 213
203 227
203 299
203 327
203 330
203 331
203 333
203 339
203 395
203 587
204 206
204 207
204 212
204 214
204 228
204 300
204 328
204 332
204 334
204 340
204 396
204 588
205 211
205 213
205 217
205 229
205 301
205 331
205 333
205 341
205 397
205 589
206 207
206 212
206 214
206 215
206 218
206 230
206 302
206 332
206 334
206 335
206 342
206 398
206 590
207 214
207 215
207 219
207 231
207 303
207 334
207 335
207 343
207 399
207 591
208 216
208 220
208 232
208 304
208 336
208 344
208 400
208 592
209 225
209 305
209 329
209 337
209 353
209 401
209 593
210 211
210 213
210 226
210 227
210 306
210 330
210 338
210 339
210 354
210 402
210 594
211 213
211 217
211 226
211 227
211 229
211 307
211 331
211 338
211 339
211 341
211 355
211 403
211 595
212 214
212 215
212 218
212 228
212 230
212 308
212 332
212 340
212 342
212 356
212 404
212 596
213 217
213 227
213 229
213 233
213 309
213 333
213 339
213 341
213 345
213 357
213 405
213 597
214 215
214 218
214 219
214 228
214 230
214 231
214 234
214 310
214 334
214 340
214 342
214 343
214 346
214 358
214 406
214 598
215 218
215 219
215 221
215 230
215 231
215 235
215 311
215 335
215 342
215 343
215 347
215 359
215 407
215 599
216 220
216 222
216 232
216 236
216 312
216 336
216 344
216 348
216 360
216 408
216 600
217 229
217 233
217 241
217 313
217 341
217 345
217 361
217 409
217 601
218 219
218 221
218 230
218 234
218 235
218 242
218 314
218 342
218 346
218 347
218 362
218 410
218 602
219 221
219 231
219 234
219 235
219 237
219 243
219 315
219 343
219 346
219 347
219 349
219 363
219 411
219 603
220 222
220 223
220 232
220 236
220 238
220 244
220 316
220 344
220 348
220 350
220 364
220 412
220 604
221 235
221 237
221 245
221 317
221 347
221 349
221 365
221 413
221 605
222 223
222 236
222 238
222 239
222 246
222 318
222 348
222 350
222 351
222 366
222 414
222 606
223 238
223 239
223 247
223 319
223 350
223 351
223 367
223 415
223 607
224 240
224 248
224 320
224 352
224 368
224 416
224 608
225 337
225 353
225 417
225 609
226 227
226 229
226 338
226 354
226 355
226 418
226 610
227 229
227 233
227 339
227 354
227 355
227 357
227 419
227 611
228 230
228 231
228 234
228 340
228 356
228 358
228 420
228 612
229 233
229 241
229 341
229 355
229 357
229 361
229 421
229 613
230 231
230 234
230 235
230 242
230 342
230 356
230 358
230 359
230 362
230 422
230 614
231 234
231 235
231 237
231 243
231 343
231 358
231 359
231 363
231 423
231 615
232 236
232 238
232 244
232 344
232 360
232 364
232 424
232 616
233 241
233 345
233 357
233 361
233 369
233 425
233 617
234 235
234 237
234 242
234 243
234 346
234 358
234 362
234 363
234 370
234 426
234 618
235 237
235 242
235 243
235 245
235 347
235 359
235 362
235 363
235 365
235 371
235 427
235 619
236 238
236 239
236 244
236 246
236 348
236 360
236 364
236 366
236 372
236 428
236 620
237 243
237 245
237 249
237 349
237 363
237 365
237 373
237 429
237 621
238 239
238 244
238 246
238 247
238 250
238 350
238 364
238 366
238 367
238 374
238 430
238 622
239 246
239 247
239 251
239 351
239 366
239 367
239 375
239 431
239 623
240 248
240 252
240 352
240 368
240 376
240 432
240 624
241 361
241 369
241 433
241 625
242 243
242 245
242 362
242 370
242 371
242 434
242 626
243 245
243 249
243 363
243 370
243 371
243 373
243 435
243 627
244 246
244 247
244 250
244 364
244 372
244 374
244 436
244 628
245 249
245 365
245 371
245 373
245 377
245 437
245 629
246 247
246 250
246 251
246 366
246 372
246 374
246 375
246 378
246 438
246 630
247 250
247 251
247 253
247 367
247 374
247 375
247 379
247 439
247 631
248 252
248 254
248 368
248 376
248 380
248 440
248 632
249 373
249 377
249 441
249 633
250 251
250 253
250 374
250 378
250 379
250 442
250 634
251 253
251 375
251 378
251 379
251 381
251 443
251 635
252 254
252 255
252 376
252 380
252 382
252 444
252 636
253 379
253 381
253 445
253 637
254 255
254 380
254 382
254 383
254 446
254 638
255 382
255 383
255 447
255 639
256 384
256 448
256 640
257 513
258 259
258 261
258 514
258 515
259 261
259 265
259 514
259 515
259 517
260 262
260 263
260 266
260 516
260 518
261 265
261 273
261 515
261 517
261 521
262 263
262 266
262 267
262 274
262 516
262 518
262 519
262 522
263 266
263 267
263 269
263 275
263 518
263 519
263 523
264 268
264 270
264 276
264 520
264 524
265 273
265 289
265 517
265 521
265 529
266 267
266 269
266 274
266 275
266 290
266 518
266 522
266 523
266 530
267 269
267 274
267 275
267 277
267 291
267 519
267 522
267 523
267 525
267 531
268 270
268 271
268 276
268 278
268 292
268 520
268 524
268 526
268 532
269 275
269 277
269 281
269 293
269 523
269 525
269 533
270 271
270 276
270 278
270 279
270 282
270 294
270 524
270 526
270 527
270 534
271 278
271 279
271 283
271 295
271 526
271 527
271 535
272 280
272 284
272 296
272 528
272 536
273 289
273 321
273 521
273 529
273 545
274 275
274 277
274 290
274 291
274 322
274 522
274 530
274 531
274 546
275 277
275 281
275 290
275 291
275 293
275 323
275 523
275 530
275 531
275 533
275 547
276 278
276 279
276 282
276 292
276 294
276 324
276 524
276 532
276 534
276 548
277 281
277 291
277 293
277 297
277 325
277 525
277 531
277 533
277 537
277 549
278 279
278 282
278 283
278 292
278 294
278 295
278 298
278 326
278 526
278 532
278 534
278 535
278 538
278 550
279 282
279 283
279 285
279 294
279 295
279 299
279 327
279 527
279 534
279 535
279 539
279 551
280 284
280 286
280 296
280 300
280 328
280 528
280 536
280 540
280 552
281 293
281 297
281 305
281 329
281 533
281 537
281 553
282 283
282 285
282 294
282 298
282 299
282 306
282 330
282 534
282 538
282 539
282 554
283 285
283 295
283 298
283 299
283 301
283 307
283 331
283 535
283 538
283 539
283 541
283 555
284 286
284 287
284 296
284 300
284 302
284 308
284 332
284 536
284 540
284 542
284 556
285 299
285 301
285 309
285 333
285 539
285 541
285 557
286 287
286 300
286 302
286 303
286 310
286 334
286 540
286 542
286 543
286 558
287 302
287 303
287 311
287 335
287 542
287 543
287 559
288 304
288 312
288 336
288 544
288 560
289 321
289 385
289 529
289 545
289 577
290 291
290 293
290 322
290 323
290 386
290 530
290 546
290 547
290 578
291 293
291 297
291 322
291 323
291 325
291 387
291 531
291 546
291 547
291 549
291 579
292 294
292 295
292 298
292 324
292 326
292 388
292 532
292 548
292 550
292 580
293 297
293 305
293 323
293 325
293 329
293 389
293 533
293 547
293 549
293 553
293 581
294 295
294 298
294 299
294 306
294 324
294 326
294 327
294 330
294 390
294 534
294 548
294 550
294 551
294 554
294 582
295 298
295 299
295 301
295 307
295 326
295 327
295 331
295 391
295 535
295 550
295 551
295 555
295 583
296 300
296 302
296 308
296 328
296 332
296 392
296 536
296 552
296 556
296 584
297 305
297 325
297 329
297 337
297 393
297 537
297 549
297 553
297 561
297 585
298 299
298 301
298 306
298 307
298 326
298 330
298 331
298 338
298 394
298 538
298 550
298 554
298 555
298 562
298 586
299 301
299 306
299 307
299 309
299 327
299 330
299 331
299 333
299 339
299 395
299 539
299 551
299 554
299 555
299 557
299 563
299 587
300 302
300 303
300 308
300 310
300 328
300 332
300 334
300 340
300 396
300 540
300 552
300 556
300 558
300 564
300 588
301 307
301 309
301 313
301 331
301 333
301 341
301 397
301 541
301 555
301 557
301 565
301 589
302 303
302 308
302 310
302 311
302 314
302 332
302 334
302 335
302 342
302 398
302 542
302 556
302 558
302 559
302 566
302 590
303 310
303 311
303 315
303 334
303 335
303 343
303 399
303 543
303 558
303 559
303 567
303 591
304 312
304 316
304 336
304 344
304 400
304 544
304 560
304 568
304 592
305 329
305 337
305 353
305 401
305 553
305 561
305 593
306 307
306 309
306 330
306 338
306 339
306 354
306 402
306 554
306 562
306 563
306 594
307 309
307 313
307 331
307 338
307 339
307 341
307 355
307 403
307 555
307 562
307 563
307 565
307 595
308 310
308 311
308 314
308 332
308 340
308 342
308 356
308 404
308 556
308 564
308 566
308 596
309 313
309 333
309 339
309 341
309 345
309 357
309 405
309 557
309 563
309 565
309 569
309 597
310 311
310 314
310 315
310 334
310 340
310 342
310 343
310 346
310 358
310 406
310 558
310 564
310 566
310 567
310 570
310 598
311 314
311 315
311 317
311 335
311 342
311 343
311 347
311 359
311 407
311 559
311 566
311 567
311 571
311 599
312 316
312 318
312 336
312 344
312 348
312 360
312 408
312 560
312 568
312 572
312 600
313 341
313 345
313 361
313 409
313 565
313 569
313 601
314 315
314 317
314 342
314 346
314 347
314 362
314 410
314 566
314 570
314 571
314 602
315 317
315 343
315 346
315 347
315 349
315 363
315 411
315 567
315 570
315 571
315 573
315 603
316 318
316 319
316 344
316 348
316 350
316 364
316 412
316 568
316 572
316 574
316 604
317 347
317 349
317 365
317 413
317 571
317 573
317 605
318 319
318 348
318 350
318 351
318 366
318 414
318 572
318 574
318 575
318 606
319 350
319 351
319 367
319 415
319 574
319 575
319 607
320 352
320 368
320 416
320 576
320 608
321 385
321 545
321 577
321 641
322 323
322 325
322 386
322 387
322 546
322 578
322 579
322 642
323 325
323 329
323 386
323 387
323 389
323 547
323 578
323 579
323 581
323 643
324 326
324 327
324 330
324 388
324 390
324 548
324 580
324 582
324 644
325 329
325 337
325 387
325 389
325 393
325 549
325 579
325 581
325 585
325 645
326 327
326 330
326 331
326 338
326 388
326 390
326 391
326 394
326 550
326 580
326 582
326 583
326 586
326 646
327 330
327 331
327 333
327 339
327 390
327 391
327 395
327 551
327 582
327 583
327 587
327 647
328 332
328 334
328 340
328 392
328 396
328 552
328 584
328 588
328 648
329 337
329 353
329 389
329 393
329 401
329 553
329 581
329 585
329 593
329 649
330 331
330 333
330 338
330 339
330 354
330 390
330 394
330 395
330 402
330 554
330 582
330 586
330 587
330 594
330 650
331 333
331 338
331 339
331 341
331 355
331 391
331 394
331 395
331 397
331 403
331 555
331 583
331 586
331 587
331 589
331 595
331 651
332 334
332 335
332 340
332 342
332 356
332 392
332 396
332 398
332 404
332 556
332 584
332 588
332 590
332 596
332 652
333 339
333 341
333 345
333 357
333 395
333 397
333 405
333 557
333 587
333 589
333 597
333 653
334 335
334 340
334 342
334 343
334 346
334 358
334 396
334 398
334 399
334 406
334 558
334 588
334 590
334 591
334 598
334 654
335 342
335 343
335 347
335 359
335 398
335 399
335 407
335 559
335 590
335 591
335 599
335 655
336 344
336 348
336 360
336 400
336 408
336 560
336 592
336 600
336 656
337 353
337 393
337 401
337 417
337 561
337 585
337 593
337 609
337 657
338 339
338 341
338 354
338 355
338 394
338 402
338 403
338 418
338 562
338 586
338 594
338 595
338 610
338 658
339 341
339 345
339 354
339 355
339 357
339 395
339 402
339 403
339 405
339 419
339 563
339 587
339 594
339 595
339 597
339 611
339 659
340 342
340 343
340 346
340 356
340 358
340 396
340 404
340 406
340 420
340 564
340 588
340 596
340 598
340 612
340 660
341 345
341 355
341 357
341 361
341 397
341 403
341 405
341 409
341 421
341 565
341 589
341 595
341 597
341 601
341 613
341 661
342 343
342 346
342 347
342 356
342 358
342 359
342 362
342 398
342 404
342 406
342 407
342 410
342 422
342 566
342 590
342 596
342 598
342 599
342 602
342 614
342 662
343 346
343 347
343 349
343 358
343 359
343 363
343 399
343 406
343 407
343 411
343 423
343 567
343 591
343 598
343 599
343 603
343 615
343 663
344 348
344 350
344 360
344 364
344 400
344 408
344 412
344 424
344 568
344 592
344 600
344 604
344 616
344 664
345 357
345 361
345 369
345 405
345 409
345 425
345 569
345 597
345 601
345 617
345 665
346 347
346 349
346 358
346 362
346 363
346 370
346 406
346 410
346 411
346 426
346 570
346 598
346 602
346 603
346 618
346 666
347 349
347 359
347 362
347 363
347 365
347 371
347 407
347 410
347 411
347 413
347 427
347 571
347 599
347 602
347 603
347 605
347 619
347 667
348 350
348 351
348 360
348 364
348 366
348 372
348 408
348 412
348 414
348 428
348 572
348 600
348 604
348 606
348 620
348 668
349 363
349 365
349 373
349 411
349 413
349 429
349 573
349 603
349 605
349 621
349 669
350 351
350 364
350 366
350 367
350 374
350 412
350 414
350 415
350 430
350 574
350 604
350 606
350 607
350 622
350 670
351 366
351 367
351 375
351 414
351 415
351 431
351 575
351 606
351 607
351 623
351 671
352 368
352 376
352 416
352 432
352 576
352 608
352 624
352 672
353 401
353 417
353 449
353 593
353 609
353 673
354 355
354 357
354 402
354 418
354 419
354 450
354 594
354 610
354 611
354 674
355 357
355 361
355 403
355 418
355 419
355 421
355 451
355 595
355 610
355 611
355 613
355 675
356 358
356 359
356 362
356 404
356 420
356 422
356 452
356 596
356 612
356 614
356 676
357 361
357 369
357 405
357 419
357 421
357 425
357 453
357 597
357 611
357 613
357 617
357 677
358 359
358 362
358 363
358 370
358 406
358 420
358 422
358 423
358 426
358 454
358 598
358 612
358 614
358 615
358 618
358 678
359 362
359 363
359 365
359 371
359 407
359 422
359 423
359 427
359 455
359 599
359 614
359 615
359 619
359 679
360 364
360 366
360 372
360 408
360 424
360 428
360 456
360 600
360 616
360 620
360 680
361 369
361 409
361 421
361 425
361 433
361 457
361 601
361 613
361 617
361 625
361 681
362 363
362 365
362 370
362 371
362 410
362 422
362 426
362 427
362 434
362 458
362 602
362 614
362 618
362 619
362 626
362 682
363 365
363 370
363 371
363 373
363 411
363 423
363 426
363 427
363 429
363 435
363 459
363 603
363 615
363 618
363 619
363 621
363 627
363 683
364 366
364 367
364 372
364 374
364 412
364 424
364 428
364 430
364 436
364 460
364 604
364 616
364 620
364 622
364 628
364 684
365 371
365 373
365 377
365 413
365 427
365 429
365 437
365 461
365 605
365 619
365 621
365 629
365 685
366 367
366 372
366 374
366 375
366 378
366 414
366 428
366 430
366 431
366 438
366 462
366 606
366 620
366 622
366 623
366 630
366 686
367 374
367 375
367 379
367 415
367 430
367 431
367 439
367 463
367 607
367 622
367 623
367 631
367 687
368 376
368 380
368 416
368 432
368 440
368 464
368 608
368 624
368 632
368 688
369 425
369 433
369 465
369 617
369 625
369 689
370 371
370 373
370 426
370 434
370 435
370 466
370 618
370 626
370 627
370 690
371 373
371 377
371 427
371 434
371 435
371 437
371 467
371 619
371 626
371 627
371 629
371 691
372 374
372 375
372 378
372 428
372 436
372 438
372 468
372 620
372 628
372 630
372 692
373 377
373 429
373 435
373 437
373 441
373 469
373 621
373 627
373 629
373 633
373 693
374 375
374 378
374 379
374 430
374 436
374 438
374 439
374 442
374 470
374 622
374 628
374 630
374 631
374 634
374 694
375 378
375 379
375 381
375 431
375 438
375 439
375 443
375 471
375 623
375 630
375 631
375 635
375 695
376 380
376 382
376 432
376 440
376 444
376 472
376 624
376 632
376 636
376 696
377 437
377 441
377 473
377 629
377 633
377 697
378 379
378 381
378 438
378 442
378 443
378 474
378 630
378 634
378 635
378 698
379 381
379 439
379 442
379 443
379 445
379 475
379 631
379 634
379 635
379 637
379 699
380 382
380 383
380 440
380 444
380 446
380 476
380 632
380 636
380 638
380 700
381 443
381 445
381 477
381 635
381 637
381 701
382 383
382 444
382 446
382 447
382 478
382 636
382 638
382 639
382 702
383 446
383 447
383 479
383 638
383 639
383 703
384 448
384 480
384 640
384 704
385 577
385 641
385 769
386 387
386 389
386 578
386 642
386 643
386 770
387 389
387 393
387 579
387 642
387 643
387 645
387 771
388 390
388 391
388 394
388 580
388 644
388 646
388 772
389 393
389 401
389 581
389 643
389 645
389 649
389 773
390 391
390 394
390 395
390 402
390 582
390 644
390 646
390 647
390 650
390 774
391 394
391 395
391 397
391 403
391 583
391 646
391 647
391 651
391 775
392 396
392 398
392 404
392 584
392 648
392 652
392 776
393 401
393 417
393 585
393 645
393 649
393 657
393 777
394 395
394 397
394 402
394 403
394 418
394 586
394 646
394 650
394 651
394 658
394 778
395 397
395 402
395 403
395 405
395 419
395 587
395 647
395 650
395 651
395 653
395 659
395 779
396 398
396 399
396 404
396 406
396 420
396 588
396 648
396 652
396 654
396 660
396 780
397 403
397 405
397 409
397 421
397 589
397 651
397 653
397 661
397 781
398 399
398 404
398 406
398 407
398 410
398 422
398 590
398 652
398 654
398 655
398 662
398 782
399 406
399 407
399 411
399 423
399 591
399 654
399 655
399 663
399 783
400 408
400 412
400 424
400 592
400 656
400 664
400 784
401 417
401 449
401 593
401 649
401 657
401 673
401 785
402 403
402 405
402 418
402 419
402 450
402 594
402 650
402 658
402 659
402 674
402 786
403 405
403 409
403 418
403 419
403 421
403 451
403 595
403 651
403 658
403 659
403 661
403 675
403 787
404 406
404 407
404 410
404 420
404 422
404 452
404 596
404 652
404 660
404 662
404 676
404 788
405 409
405 419
405 421
405 425
405 453
405 597
405 653
405 659
405 661
405 665
405 677
405 789
406 407
406 410
406 411
406 420
406 422
406 423
406 426
406 454
406 598
406 654
406 660
406 662
406 663
406 666
406 678
406 790
407 410
407 411
407 413
407 422
407 423
407 427
407 455
407 599
407 655
407 662
407 663
407 667
407 679
407 791
408 412
408 414
408 424
408 428
408 456
408 600
408 656
408 664
408 668
408 680
408 792
409 421
409 425
409 433
409 457
409 601
409 661
409 665
409 681
409 793
410 411
410 413
410 422
410 426
410 427
410 434
410 458
410 602
410 662
410 666
410 667
410 682
410 794
411 413
411 423
411 426
411 427
411 429
411 435
411 459
411 603
411 663
411 666
411 667
411 669
411 683
411 795
412 414
412 415
412 424
412 428
412 430
412 436
412 460
412 604
412 664
412 668
412 670
412 684
412 796
413 427
413 429
413 437
413 461
413 605
413 667
413 669
413 685
413 797
414 415
414 428
414 430
414 431
414 438
414 462
414 606
414 668
414 670
414 671
414 686
414 798
415 430
415 431
415 439
415 463
415 607
415 670
415 671
415 687
415 799
416 432
416 440
416 464
416 608
416 672
416 688
416 800
417 449
417 609
417 657
417 673
417 705
417 801
418 419
418 421
418 450
418 451
418 610
418 658
418 674
418 675
418 706
418 802
419 421
419 425
419 450
419 451
419 453
419 611
419 659
419 674
419 675
419 677
419 707
419 803
420 422
420 423
420 426
420 452
420 454
420 612
420 660
420 676
420 678
420 708
420 804
421 425
421 433
421 451
421 453
421 457
421 613
421 661
421 675
421 677
421 681
421 709
421 805
422 423
422 426
422 427
422 434
422 452
422 454
422 455
422 458
422 614
422 662
422 676
422 678
422 679
422 682
422 710
422 806
423 426
423 427
423 429
423 435
423 454
423 455
423 459
423 615
423 663
423 678
423 679
423 683
423 711
423 807
424 428
424 430
424 436
424 456
424 460
424 616
424 664
424 680
424 684
424 712
424 808
425 433
425 453
425 457
425 465
425 617
425 665
425 677
425 681
425 689
425 713
425 809
426 427
426 429
426 434
426 435
426 454
426 458
426 459
426 466
426 618
426 666
426 678
426 682
426 683
426 690
426 714
426 810
427 429
427 434
427 435
427 437
427 455
427 458
427 459
427 461
427 467
427 619
427 667
427 679
427 682
427 683
427 685
427 691
427 715
427 811
428 430
428 431
428 436
428 438
428 456
428 460
428 462
428 468
428 620
428 668
428 680
428 684
428 686
428 692
428 716
428 812
429 435
429 437
429 441
429 459
429 461
429 469
429 621
429 669
429 683
429 685
429 693
429 717
429 813
430 431
430 436
430 438
430 439
430 442
430 460
430 462
430 463
430 470
430 622
430 670
430 684
430 686
430 687
430 694
430 718
430 814
431 438
431 439
431 443
431 462
431 463
431 471
431 623
431 671
431 686
431 687
431 695
431 719
431 815
432 440
432 444
432 464
432 472
432 624
432 672
432 688
432 696
432 720
432 816
433 457
433 465
433 481
433 625
433 681
433 689
433 721
433 817
434 435
434 437
434 458
434 466
434 467
434 482
434 626
434 682
434 690
434 691
434 722
434 818
435 437
435 441
435 459
435 466
435 467
435 469
435 483
435 627
435 683
435 690
435 691
435 693
435 723
435 819
436 438
436 439
436 442
436 460
436 468
436 470
436 484
436 628
436 684
436 692
436 694
436 724
436 820
437 441
437 461
437 467
437 469
437 473
437 485
437 629
437 685
437 691
437 693
437 697
437 725
437 821
438 439
438 442
438 443
438 462
438 468
438 470
438 471
438 474
438 486
438 630
438 686
438 692
438 694
438 695
438 698
438 726
438 822
439 442
439 443
439 445
439 463
439 470
439 471
439 475
439 487
439 631
439 687
439 694
439 695
439 699
439 727
439 823
440 444
440 446
440 464
440 472
440 476
440 488
440 632
440 688
440 696
440 700
440 728
440 824
441 469
441 473
441 489
441 633
441 693
441 697
441 729
441 825
442 443
442 445
442 470
442 474
442 475
442 490
442 634
442 694
442 698
442 699
442 730
442 826
443 445
443 471
443 474
443 475
443 477
443 491
443 635
443 695
443 698
443 699
443 701
443 731
443 827
444 446
444 447
444 472
444 476
444 478
444 492
444 636
444 696
444 700
444 702
444 732
444 828
445 475
445 477
445 493
445 637
445 699
445 701
445 733
445 829
446 447
446 476
446 478
446 479
446 494
446 638
446 700
446 702
446 703
446 734
446 830
447 478
447 479
447 495
447 639
447 702
447 703
447 735
447 831
448 480
448 496
448 640
448 704
448 736
448 832
449 673
449 705
449 833
450 451
450 453
450 674
450 706
450 707
450 834
451 453
451 457
451 675
451 706
451 707
451 709
451 835
452 454
452 455
452 458
452 676
452 708
452 710
452 836
453 457
453 465
453 677
453 707
453 709
453 713
453 837
454 455
454 458
454 459
454 466
454 678
454 708
454 710
454 711
454 714
454 838
455 458
455 459
455 461
455 467
455 679
455 710
455 711
455 715
455 839
456 460
456 462
456 468
456 680
456 712
456 716
456 840
457 465
457 481
457 681
457 709
457 713
457 721
457 841
458 459
458 461
458 466
458 467
458 482
458 682
458 710
458 714
458 715
458 722
458 842
459 461
459 466
459 467
459 469
459 483
459 683
459 711
459 714
459 715
459 717
459 723
459 843
460 462
460 463
460 468
460 470
460 484
460 684
460 712
460 716
460 718
460 724
460 844
461 467
461 469
461 473
461 485
461 685
461 715
461 717
461 725
461 845
462 463
462 468
462 470
462 471
462 474
462 486
462 686
462 716
462 718
462 719
462 726
462 846
463 470
463 471
463 475
463 487
463 687
463 718
463 719
463 727
463 847
464 472
464 476
464 488
464 688
464 720
464 728
464 848
465 481
465 689
465 713
465 721
465 737
465 849
466 467
466 469
466 482
466 483
466 690
466 714
466 722
466 723
466 738
466 850
467 469
467 473
467 482
467 483
467 485
467 691
467 715
467 722
467 723
467 725
467 739
467 851
468 470
468 471
468 474
468 484
468 486
468 692
468 716
468 724
468 726
468 740
468 852
469 473
469 483
469 485
469 489
469 693
469 717
469 723
469 725
469 729
469 741
469 853
470 471
470 474
470 475
470 484
470 486
470 487
470 490
470 694
470 718
470 724
470 726
470 727
470 730
470 742
470 854
471 474
471 475
471 477
471 486
471 487
471 491
471 695
471 719
471 726
471 727
471 731
471 743
471 855
472 476
472 478
472 488
472 492
472 696
472 720
472 728
472 732
472 744
472 856
473 485
473 489
473 497
473 697
473 725
473 729
473 745
473 857
474 475
474 477
474 486
474 490
474 491
474 498
474 698
474 726
474 730
474 731
474 746
474 858
475 477
475 487
475 490
475 491
475 493
475 499
475 699
475 727
475 730
475 731
475 733
475 747
475 859
476 478
476 479
476 488
476 492
476 494
476 500
476 700
476 728
476 732
476 734
476 748
476 860
477 491
477 493
477 501
477 701
477 731
477 733
477 749
477 861
478 479
478 492
478 494
478 495
478 502
478 702
478 732
478 734
478 735
478 750
478 862
479 494
479 495
479 503
479 703
479 734
479 735
479 751
479 863
480 496
480 504
480 704
480 736
480 752
480 864
481 721
481 737
481 865
482 483
482 485
482 722
482 738
482 739
482 866
483 485
483 489
483 723
483 738
483 739
483 741
483 867
484 486
484 487
484 490
484 724
484 740
484 742
484 868
485 489
485 497
485 725
485 739
485 741
485 745
485 869
486 487
486 490
486 491
486 498
486 726
486 740
486 742
486 743
486 746
486 870
487 490
487 491
487 493
487 499
487 727
487 742
487 743
487 747
487 871
488 492
488 494
488 500
488 728
488 744
488 748
488 872
489 497
489 729
489 741
489 745
489 753
489 873
490 491
490 493
490 498
490 499
490 730
490 742
490 746
490 747
490 754
490 874
491 493
491 498
491 499
491 501
491 731
491 743
491 746
491 747
491 749
491 755
491 875
492 494
492 495
492 500
492 502
492 732
492 744
492 748
492 750
492 756
492 876
493 499
493 501
493 505
493 733
493 747
493 749
493 757
493 877
494 495
494 500
494 502
494 503
494 506
494 734
494 748
494 750
494 751
494 758
494 878
495 502
495 503
495 507
495 735
495 750
495 751
495 759
495 879
496 504
496 508
496 736
496 752
496 760
496 880
497 745
497 753
497 881
498 499
498 501
498 746
498 754
498 755
498 882
499 501
499 505
499 747
499 754
499 755
499 757
499 883
500 502
500 503
500 506
500 748
500 756
500 758
500 884
501 505
501 749
501 755
501 757
501 761
501 885
502 503
502 506
502 507
502 750
502 756
502 758
502 759
502 762
502 886
503 506
503 507
503 509
503 751
503 758
503 759
503 763
503 887
504 508
504 510
504 752
504 760
504 764
504 888
505 757
505 761
505 889
506 507
506 509
506 758
506 762
506 763
506 890
507 509
507 759
507 762
507 763
507 765
507 891
508 510
508 511
508 760
508 764
508 766
508 892
509 763
509 765
509 893
510 511
510 764
510 766
510 767
510 894
511 766
511 767
511 895
512 768
512 896
514 515
514 517
515 517
515 521
516 518
516 519
516 522
517 521
517 529
518 519
518 522
518 523
518 530
519 522
519 523
519 525
519 531
520 524
520 526
520 532
521 529
521 545
522 523
522 525
522 530
522 531
522 546
523 525
523 530
523 531
523 533
523 547
524 526
524 527
524 532
524 534
524 548
525 531
525 533
525 537
525 549
526 527
526 532
526 534
526 535
526 538
526 550
527 534
527 535
527 539
527 551
528 536
528 540
528 552
529 545
529 577
530 531
530 533
530 546
530 547
530 578
531 533
531 537
531 546
531 547
531 549
531 579
532 534
532 535
532 538
532 548
532 550
532 580
533 537
533 547
533 549
533 553
533 581
534 535
534 538
534 539
534 548
534 550
534 551
534 554
534 582
535 538
535 539
535 541
535 550
535 551
535 555
535 583
536 540
536 542
536 552
536 556
536 584
537 549
537 553
537 561
537 585
538 539
538 541
538 550
538 554
538 555
538 562
538 586
539 541
539 551
539 554
539 555
539 557
539 563
539 587
540 542
540 543
540 552
540 556
540 558
540 564
540 588
541 555
541 557
541 565
541 589
542 543
542 556
542 558
542 559
542 566
542 590
543 558
543 559
543 567
543 591
544 560
544 568
544 592
545 577
545 641
546 547
546 549
546 578
546 579
546 642
547 549
547 553
547 578
547 579
547 581
547 643
548 550
548 551
548 554
548 580
548 582
548 644
549 553
549 561
549 579
549 581
549 585
549 645
550 551
550 554
550 555
550 562
550 580
550 582
550 583
550 586
550 646
551 554
551 555
551 557
551 563
551 582
551 583
551 587
551 647
552 556
552 558
552 564
552 584
552 588
552 648
553 561
553 581
553 585
553 593
553 649
554 555
554 557
554 562
554 563
554 582
554 586
554 587
554 594
554 650
555 557
555 562
555 563
555 565
555 583
555 586
555 587
555 589
555 595
555 651
556 558
556 559
556 564
556 566
556 584
556 588
556 590
556 596
556 652
557 563
557 565
557 569
557 587
557 589
557 597
557 653
558 559
558 564
558 566
558 567
558 570
558 588
558 590
558 591
558 598
558 654
559 566
559 567
559 571
559 590
559 591
559 599
559 655
560 568
560 572
560 592
560 600
560 656
561 585
561 593
561 609
561 657
562 563
562 565
562 586
562 594
562 595
562 610
562 658
563 565
563 569
563 587
563 594
563 595
563 597
563 611
563 659
564 566
564 567
564 570
564 588
564 596
564 598
564 612
564 660
565 569
565 589
565 595
565 597
565 601
565 613
565 661
566 567
566 570
566 571
566 590
566 596
566 598
566 599
566 602
566 614
566 662
567 570
567 571
567 573
567 591
567 598
567 599
567 603
567 615
567 663
568 572
568 574
568 592
568 600
568 604
568 616
568 664
569 597
569 601
569 617
569 665
570 571
570 573
570 598
570 602
570 603
570 618
570 666
571 573
571 599
571 602
571 603
571 605
571 619
571 667
572 574
572 575
572 600
572 604
572 606
572 620
572 668
573 603
573 605
573 621
573 669
574 575
574 604
574 606
574 607
574 622
574 670
575 606
575 607
575 623
575 671
576 608
576 624
576 672
577 641
577 769
578 579
578 581
578 642
578 643
578 770
579 581
579 585
579 642
579 643
579 645
579 771
580 582
580 583
580 586
580 644
580 646
580 772
581 585
581 593
581 643
581 645
581 649
581 773
582 583
582 586
582 587
582 594
582 644
582 646
582 647
582 650
582 774
583 586
583 587
583 589
583 595
583 646
583 647
583 651
583 775
584 588
584 590
584 596
584 648
584 652
584 776
585 593
585 609
585 645
585 649
585 657
585 777
586 587
586 589
586 594
586 595
586 610
586 646
586 650
586 651
586 658
586 778
587 589
587 594
587 595
587 597
587 611
587 647
587 650
587 651
587 653
587 659
587 779
588 590
588 591
588 596
588 598
588 612
588 648
588 652
588 654
588 660
588 780
589 595
589 597
589 601
589 613
589 651
589 653
589 661
589 781
590 591
590 596
590 598
590 599
590 602
590 614
590 652
590 654
590 655
590 662
590 782
591 598
591 599
591 603
591 615
591 654
591 655
591 663
591 783
592 600
592 604
592 616
592 656
592 664
592 784
593 609
593 649
593 657
593 673
593 785
594 595
594 597
594 610
594 611
594 650
594 658
594 659
594 674
594 786
595 597
595 601
595 610
595 611
595 613
595 651
595 658
595 659
595 661
595 675
595 787
596 598
596 599
596 602
596 612
596 614
596 652
596 660
596 662
596 676
596 788
597 601
597 611
597 613
597 617
597 653
597 659
597 661
597 665
597 677
597 789
598 599
598 602
598 603
598 612
598 614
598 615
598 618
598 654
598 660
598 662
598 663
598 666
598 678
598 790
599 602
599 603
599 605
599 614
599 615
599 619
599 655
599 662
599 663
599 667
599 679
599 791
600 604
600 606
600 616
600 620
600 656
600 664
600 668
600 680
600 792
601 613
601 617
601 625
601 661
601 665
601 681
601 793
602 603
602 605
602 614
602 618
602 619
602 626
602 662
602 666
602 667
602 682
602 794
603 605
603 615
603 618
603 619
603 621
603 627
603 663
603 666
603 667
603 669
603 683
603 795
604 606
604 607
604 616
604 620
604 622
604 628
604 664
604 668
604 670
604 684
604 796
605 619
605 621
605 629
605 667
605 669
605 685
605 797
606 607
606 620
606 622
606 623
606 630
606 668
606 670
606 671
606 686
606 798
607 622
607 623
607 631
607 670
607 671
607 687
607 799
608 624
608 632
608 672
608 688
608 800
609 657
609 673
609 705
609 801
610 611
610 613
610 658
610 674
610 675
610 706
610 802
611 613
611 617
611 659
611 674
611 675
611 677
611 707
611 803
612 614
612 615
612 618
612 660
612 676
612 678
612 708
612 804
613 617
613 625
613 661
613 675
613 677
613 681
613 709
613 805
614 615
614 618
614 619
614 626
614 662
614 676
614 678
614 679
614 682
614 710
614 806
615 618
615 619
615 621
615 627
615 663
615 678
615 679
615 683
615 711
615 807
616 620
616 622
616 628
616 664
616 680
616 684
616 712
616 808
617 625
617 665
617 677
617 681
617 689
617 713
617 809
618 619
618 621
618 626
618 627
618 666
618 678
618 682
618 683
618 690
618 714
618 810
619 621
619 626
619 627
619 629
619 667
619 679
619 682
619 683
619 685
619 691
619 715
619 811
620 622
620 623
620 628
620 630
620 668
620 680
620 684
620 686
620 692
620 716
620 812
621 627
621 629
621 633
621 669
621 683
621 685
621 693
621 717
621 813
622 623
622 628
622 630
622 631
622 634
622 670
622 684
622 686
622 687
622 694
622 718
622 814
623 630
623 631
623 635
623 671
623 686
623 687
623 695
623 719
623 815
624 632
624 636
624 672
624 688
624 696
624 720
624 816
625 681
625 689
625 721
625 817
626 627
626 629
626 682
626 690
626 691
626 722
626 818
627 629
627 633
627 683
627 690
627 691
627 693
627 723
627 819
628 630
628 631
628 634
628 684
628 692
628 694
628 724
628 820
629 633
629 685
629 691
629 693
629 697
629 725
629 821
630 631
630 634
630 635
630 686
630 692
630 694
630 695
630 698
630 726
630 822
631 634
631 635
631 637
631 687
631 694
631 695
631 699
631 727
631 823
632 636
632 638
632 688
632 696
632 700
632 728
632 824
633 693
633 697
633 729
633 825
634 635
634 637
634 694
634 698
634 699
634 730
634 826
635 637
635 695
635 698
635 699
635 701
635 731
635 827
636 638
636 639
636 696
636 700
636 702
636 732
636 828
637 699
637 701
637 733
637 829
638 639
638 700
638 702
638 703
638 734
638 830
639 702
639 703
639 735
639 831
640 704
640 736
640 832
641 769
642 643
642 645
642 770
642 771
643 645
643 649
643 770
643 771
643 773
644 646
644 647
644 650
644 772
644 774
645 649
645 657
645 771
645 773
645 777
646 647
646 650
646 651
646 658
646 772
646 774
646 775
646 778
647 650
647 651
647 653
647 659
647 774
647 775
647 779
648 652
648 654
648 660
648 776
648 780
649 657
649 673
649 773
649 777
649 785
650 651
650 653
650 658
650 659
650 674
650 774
650 778
650 779
650 786
651 653
651 658
651 659
651 661
651 675
651 775
651 778
651 779
651 781
651 787
652 654
652 655
652 660
652 662
652 676
652 776
652 780
652 782
652 788
653 659
653 661
653 665
653 677
653 779
653 781
653 789
654 655
654 660
654 662
654 663
654 666
654 678
654 780
654 782
654 783
654 790
655 662
655 663
655 667
655 679
655 782
655 783
655 791
656 664
656 668
656 680
656 784
656 792
657 673
657 705
657 777
657 785
657 801
658 659
658 661
658 674
658 675
658 706
658 778
658 786
658 787
658 802
659 661
659 665
659 674
659 675
659 677
659 707
659 779
659 786
659 787
659 789
659 803
660 662
660 663
660 666
660 676
660 678
660 708
660 780
660 788
660 790
660 804
661 665
661 675
661 677
661 681
661 709
661 781
661 787
661 789
661 793
661 805
662 663
662 666
662 667
662 676
662 678
662 679
662 682
662 710
662 782
662 788
662 790
662 791
662 794
662 806
663 666
663 667
663 669
663 678
663 679
663 683
663 711
663 783
663 790
663 791
663 795
663 807
664 668
664 670
664 680
664 684
664 712
664 784
664 792
664 796
664 808
665 677
665 681
665 689
665 713
665 789
665 793
665 809
666 667
666 669
666 678
666 682
666 683
666 690
666 714
666 790
666 794
666 795
666 810
667 669
667 679
667 682
667 683
667 685
667 691
667 715
667 791
667 794
667 795
667 797
667 811
668 670
668 671
668 680
668 684
668 686
668 692
668 716
668 792
668 796
668 798
668 812
669 683
669 685
669 693
669 717
669 795
669 797
669 813
670 671
670 684
670 686
670 687
670 694
670 718
670 796
670 798
670 799
670 814
671 686
671 687
671 695
671 719
671 798
671 799
671 815
672 688
672 696
672 720
672 800
672 816
673 705
673 785
673 801
673 833
674 675
674 677
674 706
674 707
674 786
674 802
674 803
674 834
675 677
675 681
675 706
675 707
675 709
675 787
675 802
675 803
675 805
675 835
676 678
676 679
676 682
676 708
676 710
676 788
676 804
676 806
676 836
677 681
677 689
677 707
677 709
677 713
677 789
677 803
677 805
677 809
677 837
678 679
678 682
678 683
678 690
678 708
678 710
678 711
678 714
678 790
678 804
678 806
678 807
678 810
678 838
679 682
679 683
679 685
679 691
679 710
679 711
679 715
679 791
679 806
679 807
679 811
679 839
680 684
680 686
680 692
680 712
680 716
680 792
680 808
680 812
680 840
681 689
681 709
681 713
681 721
681 793
681 805
681 809
681 817
681 841
682 683
682 685
682 690
682 691
682 710
682 714
682 715
682 722
682 794
682 806
682 810
682 811
682 818
682 842
683 685
683 690
683 691
683 693
683 711
683 714
683 715
683 717
683 723
683 795
683 807
683 810
683 811
683 813
683 819
683 843
684 686
684 687
684 692
684 694
684 712
684 716
684 718
684 724
684 796
684 808
684 812
684 814
684 820
684 844
685 691
685 693
685 697
685 715
685 717
685 725
685 797
685 811
685 813
685 821
685 845
686 687
686 692
686 694
686 695
686 698
686 716
686 718
686 719
686 726
686 798
686 812
686 814
686 815
686 822
686 846
687 694
687 695
687 699
687 718
687 719
687 727
687 799
687 814
687 815
687 823
687 847
688 696
688 700
688 720
688 728
688 800
688 816
688 824
688 848
689 713
689 721
689 737
689 809
689 817
689 849
690 691
690 693
690 714
690 722
690 723
690 738
690 810
690 818
690 819
690 850
691 693
691 697
691 715
691 722
691 723
691 725
691 739
691 811
691 818
691 819
691 821
691 851
692 694
692 695
692 698
692 716
692 724
692 726
692 740
692 812
692 820
692 822
692 852
693 697
693 717
693 723
693 725
693 729
693 741
693 813
693 819
693 821
693 825
693 853
694 695
694 698
694 699
694 718
694 724
694 726
694 727
694 730
694 742
694 814
694 820
694 822
694 823
694 826
694 854
695 698
695 699
695 701
695 719
695 726
695 727
695 731
695 743
695 815
695 822
695 823
695 827
695 855
696 700
696 702
696 720
696 728
696 732
696 744
696 816
696 824
696 828
696 856
697 725
697 729
697 745
697 821
697 825
697 857
698 699
698 701
698 726
698 730
698 731
698 746
698 822
698 826
698 827
698 858
699 701
699 727
699 730
699 731
699 733
699 747
699 823
699 826
699 827
699 829
699 859
700 702
700 703
700 728
700 732
700 734
700 748
700 824
700 828
700 830
700 860
701 731
701 733
701 749
701 827
701 829
701 861
702 703
702 732
702 734
702 735
702 750
702 828
702 830
702 831
702 862
703 734
703 735
703 751
703 830
703 831
703 863
704 736
704 752
704 832
704 864
705 801
705 833
705 897
706 707
706 709
706 802
706 834
706 835
706 898
707 709
707 713
707 803
707 834
707 835
707 837
707 899
708 710
708 711
708 714
708 804
708 836
708 838
708 900
709 713
709 721
709 805
709 835
709 837
709 841
709 901
710 711
710 714
710 715
710 722
710 806
710 836
710 838
710 839
710 842
710 902
711 714
711 715
711 717
711 723
711 807
711 838
711 839
711 843
711 903
712 716
712 718
712 724
712 808
712 840
712 844
712 904
713 721
713 737
713 809
713 837
713 841
713 849
713 905
714 715
714 717
714 722
714 723
714 738
714 810
714 838
714 842
714 843
714 850
714 906
715 717
715 722
715 723
715 725
715 739
715 811
715 839
715 842
715 843
715 845
715 851
715 907
716 718
716 719
716 724
716 726
716 740
716 812
716 840
716 844
716 846
716 852
716 908
717 723
717 725
717 729
717 741
717 813
717 843
717 845
717 853
717 909
718 719
718 724
718 726
718 727
718 730
718 742
718 814
718 844
718 846
718 847
718 854
718 910
719 726
719 727
719 731
719 743
719 815
719 846
719 847
719 855
719 911
720 728
720 732
720 744
720 816
720 848
720 856
720 912
721 737
721 817
721 841
721 849
721 865
721 913
722 723
722 725
722 738
722 739
722 818
722 842
722 850
722 851
722 866
722 914
723 725
723 729
723 738
723 739
723 741
723 819
723 843
723 850
723 851
723 853
723 867
723 915
724 726
724 727
724 730
724 740
724 742
724 820
724 844
724 852
724 854
724 868
724 916
725 729
725 739
725 741
725 745
725 821
725 845
725 851
725 853
725 857
725 869
725 917
726 727
726 730
726 731
726 740
726 742
726 743
726 746
726 822
726 846
726 852
726 854
726 855
726 858
726 870
726 918
727 730
727 731
727 733
727 742
727 743
727 747
727 823
727 847
727 854
727 855
727 859
727 871
727 919
728 732
728 734
728 744
728 748
728 824
728 848
728 856
728 860
728 872
728 920
729 741
729 745
729 753
729 825
729 853
729 857
729 873
729 921
730 731
730 733
730 742
730 746
730 747
730 754
730 826
730 854
730 858
730 859
730 874
730 922
731 733
731 743
731 746
731 747
731 749
731 755
731 827
731 855
731 858
731 859
731 861
731 875
731 923
732 734
732 735
732 744
732 748
732 750
732 756
732 828
732 856
732 860
732 862
732 876
732 924
733 747
733 749
733 757
733 829
733 859
733 861
733 877
733 925
734 735
734 748
734 750
734 751
734 758
734 830
734 860
734 862
734 863
734 878
734 926
735 750
735 751
735 759
735 831
735 862
735 863
735 879
735 927
736 752
736 760
736 832
736 864
736 880
736 928
737 849
737 865
737 929
738 739
738 741
738 850
738 866
738 867
738 930
739 741
739 745
739 851
739 866
739 867
739 869
739 931
740 742
740 743
740 746
740 852
740 868
740 870
740 932
741 745
741 753
741 853
741 867
741 869
741 873
741 933
742 743
742 746
742 747
742 754
742 854
742 868
742 870
742 871
742 874
742 934
743 746
743 747
743 749
743 755
743 855
743 870
743 871
743 875
743 935
744 748
744 750
744 756
744 856
744 872
744 876
744 936
745 753
745 857
745 869
745 873
745 881
745 937
746 747
746 749
746 754
746 755
746 858
746 870
746 874
746 875
746 882
746 938
747 749
747 754
747 755
747 757
747 859
747 871
747 874
747 875
747 877
747 883
747 939
748 750
748 751
748 756
748 758
748 860
748 872
748 876
748 878
748 884
748 940
749 755
749 757
749 761
749 861
749 875
749 877
749 885
749 941
750 751
750 756
750 758
750 759
750 762
750 862
750 876
750 878
750 879
750 886
750 942
751 758
751 759
751 763
751 863
751 878
751 879
751 887
751 943
752 760
752 764
752 864
752 880
752 888
752 944
753 873
753 881
753 945
754 755
754 757
754 874
754 882
754 883
754 946
755 757
755 761
755 875
755 882
755 883
755 885
755 947
756 758
756 759
756 762
756 876
756 884
756 886
756 948
757 761
757 877
757 883
757 885
757 889
757 949
758 759
758 762
758 763
758 878
758 884
758 886
758 887
758 890
758 950
759 762
759 763
759 765
759 879
759 886
759 887
759 891
759 951
760 764
760 766
760 880
760 888
760 892
760 952
761 885
761 889
761 953
762 763
762 765
762 886
762 890
762 891
762 954
763 765
763 887
763 890
763 891
763 893
763 955
764 766
764 767
764 888
764 892
764 894
764 956
765 891
765 893
765 957
766 767
766 892
766 894
766 895
766 958
767 894
767 895
767 959
768 896
768 960
770 771
770 773
771 773
771 777
772 774
772 775
772 778
773 777
773 785
774 775
774 778
774 779
774 786
775 778
775 779
775 781
775 787
776 780
776 782
776 788
777 785
777 801
778 779
778 781
778 786
778 787
778 802
779 781
779 786
779 787
779 789
779 803
780 782
780 783
780 788
780 790
780 804
781 787
781 789
781 793
781 805
782 783
782 788
782 790
782 791
782 794
782 806
783 790
783 791
783 795
783 807
784 792
784 796
784 808
785 801
785 833
786 787
786 789
786 802
786 803
786 834
787 789
787 793
787 802
787 803
787 805
787 835
788 790
788 791
788 794
788 804
788 806
788 836
789 793
789 803
789 805
789 809
789 837
790 791
790 794
790 795
790 804
790 806
790 807
790 810
790 838
791 794
791 795
791 797
791 806
791 807
791 811
791 839
792 796
792 798
792 808
792 812
792 840
793 805
793 809
793 817
793 841
794 795
794 797
794 806
794 810
794 811
794 818
794 842
795 797
795 807
795 810
795 811
795 813
795 819
795 843
796 798
796 799
796 808
796 812
796 814
796 820
796 844
797 811
797 813
797 821
797 845
798 799
798 812
798 814
798 815
798 822
798 846
799 814
799 815
799 823
799 847
800 816
800 824
800 848
801 833
801 897
802 803
802 805
802 834
802 835
802 898
803 805
803 809
803 834
803 835
803 837
803 899
804 806
804 807
804 810
804 836
804 838
804 900
805 809
805 817
805 835
805 837
805 841
805 901
806 807
806 810
806 811
806 818
806 836
806 838
806 839
806 842
806 902
807 810
807 811
807 813
807 819
807 838
807 839
807 843
807 903
808 812
808 814
808 820
808 840
808 844
808 904
809 817
809 837
809 841
809 849
809 905
810 811
810 813
810 818
810 819
810 838
810 842
810 843
810 850
810 906
811 813
811 818
811 819
811 821
811 839
811 842
811 843
811 845
811 851
811 907
812 814
812 815
812 820
812 822
812 840
812 844
812 846
812 852
812 908
813 819
813 821
813 825
813 843
813 845
813 853
813 909
814 815
814 820
814 822
814 823
814 826
814 844
814 846
814 847
814 854
814 910
815 822
815 823
815 827
815 846
815 847
815 855
815 911
816 824
816 828
816 848
816 856
816 912
817 841
817 849
817 865
817 913
818 819
818 821
818 842
818 850
818 851
818 866
818 914
819 821
819 825
819 843
819 850
819 851
819 853
819 867
819 915
820 822
820 823
820 826
820 844
820 852
820 854
820 868
820 916
821 825
821 845
821 851
821 853
821 857
821 869
821 917
822 823
822 826
822 827
822 846
822 852
822 854
822 855
822 858
822 870
822 918
823 826
823 827
823 829
823 847
823 854
823 855
823 859
823 871
823 919
824 828
824 830
824 848
824 856
824 860
824 872
824 920
825 853
825 857
825 873
825 921
826 827
826 829
826 854
826 858
826 859
826 874
826 922
827 829
827 855
827 858
827 859
827 861
827 875
827 923
828 830
828 831
828 856
828 860
828 862
828 876
828 924
829 859
829 861
829 877
829 925
830 831
830 860
830 862
830 863
830 878
830 926
831 862
831 863
831 879
831 927
832 864
832 880
832 928
833 897
834 835
834 837
834 898
834 899
835 837
835 841
835 898
835 899
835 901
836 838
836 839
836 842
836 900
836 902
837 841
837 849
837 899
837 901
837 905
838 839
838 842
838 843
838 850
838 900
838 902
838 903
838 906
839 842
839 843
839 845
839 851
839 902
839 903
839 907
840 844
840 846
840 852
840 904
840 908
841 849
841 865
841 901
841 905
841 913
842 843
842 845
842 850
842 851
842 866
842 902
842 906
842 907
842 914
843 845
843 850
843 851
843 853
843 867
843 903
843 906
843 907
843 909
843 915
844 846
844 847
844 852
844 854
844 868
844 904
844 908
844 910
844 916
845 851
845 853
845 857
845 869
845 907
845 909
845 917
846 847
846 852
846 854
846 855
846 858
846 870
846 908
846 910
846 911
846 918
847 854
847 855
847 859
847 871
847 910
847 911
847 919
848 856
848 860
848 872
848 912
848 920
849 865
849 905
849 913
849 929
850 851
850 853
850 866
850 867
850 906
850 914
850 915
850 930
851 853
851 857
851 866
851 867
851 869
851 907
851 914
851 915
851 917
851 931
852 854
852 855
852 858
852 868
852 870
852 908
852 916
852 918
852 932
853 857
853 867
853 869
853 873
853 909
853 915
853 917
853 921
853 933
854 855
854 858
854 859
854 868
854 870
854 871
854 874
854 910
854 916
854 918
854 919
854 922
854 934
855 858
855 859
855 861
855 870
855 871
855 875
855 911
855 918
855 919
855 923
855 935
856 860
856 862
856 872
856 876
856 912
856 920
856 924
856 936
857 869
857 873
857 881
857 917
857 921
857 937
858 859
858 861
858 870
858 874
858 875
858 882
858 918
858 922
858 923
858 938
859 861
859 871
859 874
859 875
859 877
859 883
859 919
859 922
859 923
859 925
859 939
860 862
860 863
860 872
860 876
860 878
860 884
860 920
860 924
860 926
860 940
861 875
861 877
861 885
861 923
861 925
861 941
862 863
862 876
862 878
862 879
862 886
862 924
862 926
862 927
862 942
863 878
863 879
863 887
863 926
863 927
863 943
864 880
864 888
864 928
864 944
865 913
865 929
865 961
866 867
866 869
866 914
866 930
866 931
866 962
867 869
867 873
867 915
867 930
867 931
867 933
867 963
868 870
868 871
868 874
868 916
868 932
868 934
868 964
869 873
869 881
869 917
869 931
869 933
869 937
869 965
870 871
870 874
870 875
870 882
870 918
870 932
870 934
870 935
870 938
870 966
871 874
871 875
871 877
871 883
871 919
871 934
871 935
871 939
871 967
872 876
872 878
872 884
872 920
872 936
872 940
872 968
873 881
873 921
873 933
873 937
873 945
873 969
874 875
874 877
874 882
874 883
874 922
874 934
874 938
874 939
874 946
874 970
875 877
875 882
875 883
875 885
875 923
875 935
875 938
875 939
875 941
875 947
875 971
876 878
876 879
876 884
876 886
876 924
876 936
876 940
876 942
876 948
876 972
877 883
877 885
877 889
877 925
877 939
877 941
877 949
877 973
878 879
878 884
878 886
878 887
878 890
878 926
878 940
878 942
878 943
878 950
878 974
879 886
879 887
879 891
879 927
879 942
879 943
879 951
879 975
880 888
880 892
880 928
880 944
880 952
880 976
881 937
881 945
881 977
882 883
882 885
882 938
882 946
882 947
882 978
883 885
883 889
883 939
883 946
883 947
883 949
883 979
884 886
884 887
884 890
884 940
884 948
884 950
884 980
885 889
885 941
885 947
885 949
885 953
885 981
886 887
886 890
886 891
886 942
886 948
886 950
886 951
886 954
886 982
887 890
887 891
887 893
887 943
887 950
887 951
887 955
887 983
888 892
888 894
888 944
888 952
888 956
888 984
889 949
889 953
889 985
890 891
890 893
890 950
890 954
890 955
890 986
891 893
891 951
891 954
891 955
891 957
891 987
892 894
892 895
892 952
892 956
892 958
892 988
893 955
893 957
893 989
894 895
894 956
894 958
894 959
894 990
895 958
895 959
895 991
896 960
896 992
898 899
898 901
899 901
899 905
900 902
900 903
900 906
901 905
901 913
902 903
902 906
902 907
902 914
903 906
903 907
903 909
903 915
904 908
904 910
904 916
905 913
905 929
906 907
906 909
906 914
906 915
906 930
907 909
907 914
907 915
907 917
907 931
908 910
908 911
908 916
908 918
908 932
909 915
909 917
909 921
909 933
910 911
910 916
910 918
910 919
910 922
910 934
911 918
911 919
911 923
911 935
912 920
912 924
912 936
913 929
913 961
914 915
914 917
914 930
914 931
914 962
915 917
915 921
915 930
915 931
915 933
915 963
916 918
916 919
916 922
916 932
916 934
916 964
917 921
917 931
917 933
917 937
917 965
918 919
918 922
918 923
918 932
918 934
918 935
918 938
918 966
919 922
919 923
919 925
919 934
919 935
919 939
919 967
920 924
920 926
920 936
920 940
920 968
921 933
921 937
921 945
921 969
922 923
922 925
922 934
922 938
922 939
922 946
922 970
923 925
923 935
923 938
923 939
923 941
923 947
923 971
924 926
924 927
924 936
924 940
924 942
924 948
924 972
925 939
925 941
925 949
925 973
926 927
926 940
926 942
926 943
926 950
926 974
927 942
927 943
927 951
927 975
928 944
928 952
928 976
929 961
930 931
930 933
930 962
930 963
931 933
931 937
931 962
931 963
931 965
932 934
932 935
932 938
932 964
932 966
933 937
933 945
933 963
933 965
933 969
934 935
934 938
934 939
934 946
934 964
934 966
934 967
934 970
935 938
935 939
935 941
935 947
935 966
935 967
935 971
936 940
936 942
936 948
936 968
936 972
937 945
937 965
937 969
937 977
938 939
938 941
938 946
938 947
938 966
938 970
938 971
938 978
939 941
939 946
939 947
939 949
939 967
939 970
939 971
939 973
939 979
940 942
940 943
940 948
940 950
940 968
940 972
940 974
940 980
941 947
941 949
941 953
941 971
941 973
941 981
942 943
942 948
942 950
942 951
942 954
942 972
942 974
942 975
942 982
943 950
943 951
943 955
943 974
943 975
943 983
944 952
944 956
944 976
944 984
945 969
945 977
945 993
946 947
946 949
946 970
946 978
946 979
946 994
947 949
947 953
947 971
947 978
947 979
947 981
947 995
948 950
948 951
948 954
948 972
948 980
948 982
948 996
949 953
949 973
949 979
949 981
949 985
949 997
950 951
950 954
950 955
950 974
950 980
950 982
950 983
950 986
950 998
951 954
951 955
951 957
951 975
951 982
951 983
951 987
951 999
952 956
952 958
952 976
952 984
952 988
952 1000
953 981
953 985
953 1001
954 955
954 957
954 982
954 986
954 987
954 1002
955 957
955 983
955 986
955 987
955 989
955 1003
956 958
956 959
956 984
956 988
956 990
956 1004
957 987
957 989
957 1005
958 959
958 988
958 990
958 991
958 1006
959 990
959 991
959 1007
960 992
960 1008
962 963
962 965
963 965
963 969
964 966
964 967
964 970
965 969
965 977
966 967
966 970
966 971
966 978
967 970
967 971
967 973
967 979
968 972
968 974
968 980
969 977
969 993
970 971
970 973
970 978
970 979
970 994
971 973
971 978
971 979
971 981
971 995
972 974
972 975
972 980
972 982
972 996
973 979
973 981
973 985
973 997
974 975
974 980
974 982
974 983
974 986
974 998
975 982
975 983
975 987
975 999
976 984
976 988
976 1000
977 993
978 979
978 981
978 994
978 995
979 981
979 985
979 994
979 995
979 997
980 982
980 983
980 986
980 996
980 998
981 985
981 995
981 997
981 1001
982 983
982 986
982 987
982 996
982 998
982 999
982 1002
983 986
983 987
983 989
983 998
983 999
983 1003
984 988
984 990
984 1000
984 1004
985 997
985 1001
985 1009
986 987
986 989
986 998
986 1002
986 1003
986 1010
987 989
987 999
987 1002
987 1003
987 1005
987 1011
988 990
988 991
988 1000
988 1004
988 1006
988 1012
989 1003
989 1005
989 1013
990 991
990 1004
990 1006
990 1007
990 1014
991 1006
991 1007
991 1015
992 1008
992 1016
994 995
994 997
995 997
995 1001
996 998
996 999
996 1002
997 1001
997 1009
998 999
998 1002
998 1003
998 1010
999 1002
999 1003
999 1005
999 1011
1000 1004
1000 1006
1000 1012
1001 1009
1002 1003
1002 1005
1002 1010
1002 1011
1003 1005
1003 1010
1003 1011
1003 1013
1004 1006
1004 1007
1004 1012
1004 1014
1005 1011
1005 1013
1005 1017
1006 1007
1006 1012
1006 1014
1006 1015
1006 1018
1007 1014
1007 1015
1007 1019
1008 1016
1008 1020
1010 1011
1010 1013
1011 1013
1011 1017
1012 1014
1012 1015
1012 1018
1013 1017
1014 1015
1014 1018
1014 1019
1015 1018
1015 1019
1015 1021
1016 1020
1016 1022
1018 1019
1018 1021
1019 1021
1020 1022
1020 1023
1022 1023
