512 6912
1 257
1 129
1 65
1 33
1 17
1 9
1 5
1 3
1 2
2 258
2 130
2 66
2 34
2 18
2 10
2 6
2 4
2 257
2 129
2 65
2 33
2 17
2 9
2 5
2 3
3 259
3 131
3 67
3 35
3 19
3 11
3 7
3 4
3 257
3 129
3 65
3 33
3 17
3 9
3 5
4 260
4 132
4 68
4 36
4 20
4 12
4 8
4 258
4 130
4 66
4 34
4 18
4 10
4 6
4 259
4 131
4 67
4 35
4 19
4 11
4 7
5 261
5 133
5 69
5 37
5 21
5 13
5 7
5 6
5 257
5 129
5 65
5 33
5 17
5 9
6 262
6 134
6 70
6 38
6 22
6 14
6 8
6 258
6 130
6 66
6 34
6 18
6 10
6 261
6 133
6 69
6 37
6 21
6 13
6 7
7 263
7 135
7 71
7 39
7 23
7 15
7 8
7 259
7 131
7 67
7 35
7 19
7 11
7 261
7 133
7 69
7 37
7 21
7 13
8 264
8 136
8 72
8 40
8 24
8 16
8 260
8 132
8 68
8 36
8 20
8 12
8 262
8 134
8 70
8 38
8 22
8 14
8 263
8 135
8 71
8 39
8 23
8 15
9 265
9 137
9 73
9 41
9 25
9 13
9 11
9 10
9 257
9 129
9 65
9 33
9 17
10 266
10 138
10 74
10 42
10 26
10 14
10 12
10 258
10 130
10 66
10 34
10 18
10 265
10 137
10 73
10 41
10 25
10 13
10 11
11 267
11 139
11 75
11 43
11 27
11 15
11 12
11 259
11 131
11 67
11 35
11 19
11 265
11 137
11 73
11 41
11 25
11 13
12 268
12 140
12 76
12 44
12 28
12 16
12 260
12 132
12 68
12 36
12 20
12 266
12 138
12 74
12 42
12 26
12 14
12 267
12 139
12 75
12 43
12 27
12 15
13 269
13 141
13 77
13 45
13 29
13 15
13 14
13 261
13 133
13 69
13 37
13 21
13 265
13 137
13 73
13 41
13 25
14 270
14 142
14 78
14 46
14 30
14 16
14 262
14 134
14 70
14 38
14 22
14 266
14 138
14 74
14 42
14 26
14 269
14 141
14 77
14 45
14 29
14 15
15 271
15 143
15 79
15 47
15 31
15 16
15 263
15 135
15 71
15 39
15 23
15 267
15 139
15 75
15 43
15 27
15 269
15 141
15 77
15 45
15 29
16 272
16 144
16 80
16 48
16 32
16 264
16 136
16 72
16 40
16 24
16 268
16 140
16 76
16 44
16 28
16 270
16 142
16 78
16 46
16 30
16 271
16 143
16 79
16 47
16 31
17 273
17 145
17 81
17 49
17 25
17 21
17 19
17 18
17 257
17 129
17 65
17 33
18 274
18 146
18 82
18 50
18 26
18 22
18 20
18 258
18 130
18 66
18 34
18 273
18 145
18 81
18 49
18 25
18 21
18 19
19 275
19 147
19 83
19 51
19 27
19 23
19 20
19 259
19 131
19 67
19 35
19 273
19 145
19 81
19 49
19 25
19 21
20 276
20 148
20 84
20 52
20 28
20 24
20 260
20 132
20 68
20 36
20 274
20 146
20 82
20 50
20 26
20 22
20 275
20 147
20 83
20 51
20 27
20 23
21 277
21 149
21 85
21 53
21 29
21 23
21 22
21 261
21 133
21 69
21 37
21 273
21 145
21 81
21 49
21 25
22 278
22 150
22 86
22 54
22 30
22 24
22 262
22 134
22 70
22 38
22 274
22 146
22 82
22 50
22 26
22 277
22 149
22 85
22 53
22 29
22 23
23 279
23 151
23 87
23 55
23 31
23 24
23 263
23 135
23 71
23 39
23 275
23 147
23 83
23 51
23 27
23 277
23 149
23 85
23 53
23 29
24 280
24 152
24 88
24 56
24 32
24 264
24 136
24 72
24 40
24 276
24 148
24 84
24 52
24 28
24 278
24 150
24 86
24 54
24 30
24 279
24 151
24 87
24 55
24 31
25 281
25 153
25 89
25 57
25 29
25 27
25 26
25 265
25 137
25 73
25 41
25 273
25 145
25 81
25 49
26 282
26 154
26 90
26 58
26 30
26 28
26 266
26 138
26 74
26 42
26 274
26 146
26 82
26 50
26 281
26 153
26 89
26 57
26 29
26 27
27 283
27 155
27 91
27 59
27 31
27 28
27 267
27 139
27 75
27 43
27 275
27 147
27 83
27 51
27 281
27 153
27 89
27 57
27 29
28 284
28 156
28 92
28 60
28 32
28 268
28 140
28 76
28 44
28 276
28 148
28 84
28 52
28 282
28 154
28 90
28 58
28 30
28 283
28 155
28 91
28 59
28 31
29 285
29 157
29 93
29 61
29 31
29 30
29 269
29 141
29 77
29 45
29 277
29 149
29 85
29 53
29 281
29 153
29 89
29 57
30 286
30 158
30 94
30 62
30 32
30 270
30 142
30 78
30 46
30 278
30 150
30 86
30 54
30 282
30 154
30 90
30 58
30 285
30 157
30 93
30 61
30 31
31 287
31 159
31 95
31 63
31 32
31 271
31 143
31 79
31 47
31 279
31 151
31 87
31 55
31 283
31 155
31 91
31 59
31 285
31 157
31 93
31 61
32 288
32 160
32 96
32 64
32 272
32 144
32 80
32 48
32 280
32 152
32 88
32 56
32 284
32 156
32 92
32 60
32 286
32 158
32 94
32 62
32 287
32 159
32 95
32 63
33 289
33 161
33 97
33 49
33 41
33 37
33 35
33 34
33 257
33 129
33 65
34 290
34 162
34 98
34 50
34 42
34 38
34 36
34 258
34 130
34 66
34 289
34 161
34 97
34 49
34 41
34 37
34 35
35 291
35 163
35 99
35 51
35 43
35 39
35 36
35 259
35 131
35 67
35 289
35 161
35 97
35 49
35 41
35 37
36 292
36 164
36 100
36 52
36 44
36 40
36 260
36 132
36 68
36 290
36 162
36 98
36 50
36 42
36 38
36 291
36 163
36 99
36 51
36 43
36 39
37 293
37 165
37 101
37 53
37 45
37 39
37 38
37 261
37 133
37 69
37 289
37 161
37 97
37 49
37 41
38 294
38 166
38 102
38 54
38 46
38 40
38 262
38 134
38 70
38 290
38 162
38 98
38 50
38 42
38 293
38 165
38 101
38 53
38 45
38 39
39 295
39 167
39 103
39 55
39 47
39 40
39 263
39 135
39 71
39 291
39 163
39 99
39 51
39 43
39 293
39 165
39 101
39 53
39 45
40 296
40 168
40 104
40 56
40 48
40 264
40 136
40 72
40 292
40 164
40 100
40 52
40 44
40 294
40 166
40 102
40 54
40 46
40 295
40 167
40 103
40 55
40 47
41 297
41 169
41 105
41 57
41 45
41 43
41 42
41 265
41 137
41 73
41 289
41 161
41 97
41 49
42 298
42 170
42 106
42 58
42 46
42 44
42 266
42 138
42 74
42 290
42 162
42 98
42 50
42 297
42 169
42 105
42 57
42 45
42 43
43 299
43 171
43 107
43 59
43 47
43 44
43 267
43 139
43 75
43 291
43 163
43 99
43 51
43 297
43 169
43 105
43 57
43 45
44 300
44 172
44 108
44 60
44 48
44 268
44 140
44 76
44 292
44 164
44 100
44 52
44 298
44 170
44 106
44 58
44 46
44 299
44 171
44 107
44 59
44 47
45 301
45 173
45 109
45 61
45 47
45 46
45 269
45 141
45 77
45 293
45 165
45 101
45 53
45 297
45 169
45 105
45 57
46 302
46 174
46 110
46 62
46 48
46 270
46 142
46 78
46 294
46 166
46 102
46 54
46 298
46 170
46 106
46 58
46 301
46 173
46 109
46 61
46 47
47 303
47 175
47 111
47 63
47 48
47 271
47 143
47 79
47 295
47 167
47 103
47 55
47 299
47 171
47 107
47 59
47 301
47 173
47 109
47 61
48 304
48 176
48 112
48 64
48 272
48 144
48 80
48 296
48 168
48 104
48 56
48 300
48 172
48 108
48 60
48 302
48 174
48 110
48 62
48 303
48 175
48 111
48 63
49 305
49 177
49 113
49 57
49 53
49 51
49 50
49 273
49 145
49 81
49 289
49 161
49 97
50 306
50 178
50 114
50 58
50 54
50 52
50 274
50 146
50 82
50 290
50 162
50 98
50 305
50 177
50 113
50 57
50 53
50 51
51 307
51 179
51 115
51 59
51 55
51 52
51 275
51 147
51 83
51 291
51 163
51 99
51 305
51 177
51 113
51 57
51 53
52 308
52 180
52 116
52 60
52 56
52 276
52 148
52 84
52 292
52 164
52 100
52 306
52 178
52 114
52 58
52 54
52 307
52 179
52 115
52 59
52 55
53 309
53 181
53 117
53 61
53 55
53 54
53 277
53 149
53 85
53 293
53 165
53 101
53 305
53 177
53 113
53 57
54 310
54 182
54 118
54 62
54 56
54 278
54 150
54 86
54 294
54 166
54 102
54 306
54 178
54 114
54 58
54 309
54 181
54 117
54 61
54 55
55 311
55 183
55 119
55 63
55 56
55 279
55 151
55 87
55 295
55 167
55 103
55 307
55 179
55 115
55 59
55 309
55 181
55 117
55 61
56 312
56 184
56 120
56 64
56 280
56 152
56 88
56 296
56 168
56 104
56 308
56 180
56 116
56 60
56 310
56 182
56 118
56 62
56 311
56 183
56 119
56 63
57 313
57 185
57 121
57 61
57 59
57 58
57 281
57 153
57 89
57 297
57 169
57 105
57 305
57 177
57 113
58 314
58 186
58 122
58 62
58 60
58 282
58 154
58 90
58 298
58 170
58 106
58 306
58 178
58 114
58 313
58 185
58 121
58 61
58 59
59 315
59 187
59 123
59 63
59 60
59 283
59 155
59 91
59 299
59 171
59 107
59 307
59 179
59 115
59 313
59 185
59 121
59 61
60 316
60 188
60 124
60 64
60 284
60 156
60 92
60 300
60 172
60 108
60 308
60 180
60 116
60 314
60 186
60 122
60 62
60 315
60 187
60 123
60 63
61 317
61 189
61 125
61 63
61 62
61 285
61 157
61 93
61 301
61 173
61 109
61 309
61 181
61 117
61 313
61 185
61 121
62 318
62 190
62 126
62 64
62 286
62 158
62 94
62 302
62 174
62 110
62 310
62 182
62 118
62 314
62 186
62 122
62 317
62 189
62 125
62 63
63 319
63 191
63 127
63 64
63 287
63 159
63 95
63 303
63 175
63 111
63 311
63 183
63 119
63 315
63 187
63 123
63 317
63 189
63 125
64 320
64 192
64 128
64 288
64 160
64 96
64 304
64 176
64 112
64 312
64 184
64 120
64 316
64 188
64 124
64 318
64 190
64 126
64 319
64 191
64 127
65 321
65 193
65 97
65 81
65 73
65 69
65 67
65 66
65 257
65 129
66 322
66 194
66 98
66 82
66 74
66 70
66 68
66 258
66 130
66 321
66 193
66 97
66 81
66 73
66 69
66 67
67 323
67 195
67 99
67 83
67 75
67 71
67 68
67 259
67 131
67 321
67 193
67 97
67 81
67 73
67 69
68 324
68 196
68 100
68 84
68 76
68 72
68 260
68 132
68 322
68 194
68 98
68 82
68 74
68 70
68 323
68 195
68 99
68 83
68 75
68 71
69 325
69 197
69 101
69 85
69 77
69 71
69 70
69 261
69 133
69 321
69 193
69 97
69 81
69 73
70 326
70 198
70 102
70 86
70 78
70 72
70 262
70 134
70 322
70 194
70 98
70 82
70 74
70 325
70 197
70 101
70 85
70 77
70 71
71 327
71 199
71 103
71 87
71 79
71 72
71 263
71 135
71 323
71 195
71 99
71 83
71 75
71 325
71 197
71 101
71 85
71 77
72 328
72 200
72 104
72 88
72 80
72 264
72 136
72 324
72 196
72 100
72 84
72 76
72 326
72 198
72 102
72 86
72 78
72 327
72 199
72 103
72 87
72 79
73 329
73 201
73 105
73 89
73 77
73 75
73 74
73 265
73 137
73 321
73 193
73 97
73 81
74 330
74 202
74 106
74 90
74 78
74 76
74 266
74 138
74 322
74 194
74 98
74 82
74 329
74 201
74 105
74 89
74 77
74 75
75 331
75 203
75 107
75 91
75 79
75 76
75 267
75 139
75 323
75 195
75 99
75 83
75 329
75 201
75 105
75 89
75 77
76 332
76 204
76 108
76 92
76 80
76 268
76 140
76 324
76 196
76 100
76 84
76 330
76 202
76 106
76 90
76 78
76 331
76 203
76 107
76 91
76 79
77 333
77 205
77 109
77 93
77 79
77 78
77 269
77 141
77 325
77 197
77 101
77 85
77 329
77 201
77 105
77 89
78 334
78 206
78 110
78 94
78 80
78 270
78 142
78 326
78 198
78 102
78 86
78 330
78 202
78 106
78 90
78 333
78 205
78 109
78 93
78 79
79 335
79 207
79 111
79 95
79 80
79 271
79 143
79 327
79 199
79 103
79 87
79 331
79 203
79 107
79 91
79 333
79 205
79 109
79 93
80 336
80 208
80 112
80 96
80 272
80 144
80 328
80 200
80 104
80 88
80 332
80 204
80 108
80 92
80 334
80 206
80 110
80 94
80 335
80 207
80 111
80 95
81 337
81 209
81 113
81 89
81 85
81 83
81 82
81 273
81 145
81 321
81 193
81 97
82 338
82 210
82 114
82 90
82 86
82 84
82 274
82 146
82 322
82 194
82 98
82 337
82 209
82 113
82 89
82 85
82 83
83 339
83 211
83 115
83 91
83 87
83 84
83 275
83 147
83 323
83 195
83 99
83 337
83 209
83 113
83 89
83 85
84 340
84 212
84 116
84 92
84 88
84 276
84 148
84 324
84 196
84 100
84 338
84 210
84 114
84 90
84 86
84 339
84 211
84 115
84 91
84 87
85 341
85 213
85 117
85 93
85 87
85 86
85 277
85 149
85 325
85 197
85 101
85 337
85 209
85 113
85 89
86 342
86 214
86 118
86 94
86 88
86 278
86 150
86 326
86 198
86 102
86 338
86 210
86 114
86 90
86 341
86 213
86 117
86 93
86 87
87 343
87 215
87 119
87 95
87 88
87 279
87 151
87 327
87 199
87 103
87 339
87 211
87 115
87 91
87 341
87 213
87 117
87 93
88 344
88 216
88 120
88 96
88 280
88 152
88 328
88 200
88 104
88 340
88 212
88 116
88 92
88 342
88 214
88 118
88 94
88 343
88 215
88 119
88 95
89 345
89 217
89 121
89 93
89 91
89 90
89 281
89 153
89 329
89 201
89 105
89 337
89 209
89 113
90 346
90 218
90 122
90 94
90 92
90 282
90 154
90 330
90 202
90 106
90 338
90 210
90 114
90 345
90 217
90 121
90 93
90 91
91 347
91 219
91 123
91 95
91 92
91 283
91 155
91 331
91 203
91 107
91 339
91 211
91 115
91 345
91 217
91 121
91 93
92 348
92 220
92 124
92 96
92 284
92 156
92 332
92 204
92 108
92 340
92 212
92 116
92 346
92 218
92 122
92 94
92 347
92 219
92 123
92 95
93 349
93 221
93 125
93 95
93 94
93 285
93 157
93 333
93 205
93 109
93 341
93 213
93 117
93 345
93 217
93 121
94 350
94 222
94 126
94 96
94 286
94 158
94 334
94 206
94 110
94 342
94 214
94 118
94 346
94 218
94 122
94 349
94 221
94 125
94 95
95 351
95 223
95 127
95 96
95 287
95 159
95 335
95 207
95 111
95 343
95 215
95 119
95 347
95 219
95 123
95 349
95 221
95 125
96 352
96 224
96 128
96 288
96 160
96 336
96 208
96 112
96 344
96 216
96 120
96 348
96 220
96 124
96 350
96 222
96 126
96 351
96 223
96 127
97 353
97 225
97 113
97 105
97 101
97 99
97 98
97 289
97 161
97 321
97 193
98 354
98 226
98 114
98 106
98 102
98 100
98 290
98 162
98 322
98 194
98 353
98 225
98 113
98 105
98 101
98 99
99 355
99 227
99 115
99 107
99 103
99 100
99 291
99 163
99 323
99 195
99 353
99 225
99 113
99 105
99 101
100 356
100 228
100 116
100 108
100 104
100 292
100 164
100 324
100 196
100 354
100 226
100 114
100 106
100 102
100 355
100 227
100 115
100 107
100 103
101 357
101 229
101 117
101 109
101 103
101 102
101 293
101 165
101 325
101 197
101 353
101 225
101 113
101 105
102 358
102 230
102 118
102 110
102 104
102 294
102 166
102 326
102 198
102 354
102 226
102 114
102 106
102 357
102 229
102 117
102 109
102 103
103 359
103 231
103 119
103 111
103 104
103 295
103 167
103 327
103 199
103 355
103 227
103 115
103 107
103 357
103 229
103 117
103 109
104 360
104 232
104 120
104 112
104 296
104 168
104 328
104 200
104 356
104 228
104 116
104 108
104 358
104 230
104 118
104 110
104 359
104 231
104 119
104 111
105 361
105 233
105 121
105 109
105 107
105 106
105 297
105 169
105 329
105 201
105 353
105 225
105 113
106 362
106 234
106 122
106 110
106 108
106 298
106 170
106 330
106 202
106 354
106 226
106 114
106 361
106 233
106 121
106 109
106 107
107 363
107 235
107 123
107 111
107 108
107 299
107 171
107 331
107 203
107 355
107 227
107 115
107 361
107 233
107 121
107 109
108 364
108 236
108 124
108 112
108 300
108 172
108 332
108 204
108 356
108 228
108 116
108 362
108 234
108 122
108 110
108 363
108 235
108 123
108 111
109 365
109 237
109 125
109 111
109 110
109 301
109 173
109 333
109 205
109 357
109 229
109 117
109 361
109 233
109 121
110 366
110 238
110 126
110 112
110 302
110 174
110 334
110 206
110 358
110 230
110 118
110 362
110 234
110 122
110 365
110 237
110 125
110 111
111 367
111 239
111 127
111 112
111 303
111 175
111 335
111 207
111 359
111 231
111 119
111 363
111 235
111 123
111 365
111 237
111 125
112 368
112 240
112 128
112 304
112 176
112 336
112 208
112 360
112 232
112 120
112 364
112 236
112 124
112 366
112 238
112 126
112 367
112 239
112 127
113 369
113 241
113 121
113 117
113 115
113 114
113 305
113 177
113 337
113 209
113 353
113 225
114 370
114 242
114 122
114 118
114 116
114 306
114 178
114 338
114 210
114 354
114 226
114 369
114 241
114 121
114 117
114 115
115 371
115 243
115 123
115 119
115 116
115 307
115 179
115 339
115 211
115 355
115 227
115 369
115 241
115 121
115 117
116 372
116 244
116 124
116 120
116 308
116 180
116 340
116 212
116 356
116 228
116 370
116 242
116 122
116 118
116 371
116 243
116 123
116 119
117 373
117 245
117 125
117 119
117 118
117 309
117 181
117 341
117 213
117 357
117 229
117 369
117 241
117 121
118 374
118 246
118 126
118 120
118 310
118 182
118 342
118 214
118 358
118 230
118 370
118 242
118 122
118 373
118 245
118 125
118 119
119 375
119 247
119 127
119 120
119 311
119 183
119 343
119 215
119 359
119 231
119 371
119 243
119 123
119 373
119 245
119 125
120 376
120 248
120 128
120 312
120 184
120 344
120 216
120 360
120 232
120 372
120 244
120 124
120 374
120 246
120 126
120 375
120 247
120 127
121 377
121 249
121 125
121 123
121 122
121 313
121 185
121 345
121 217
121 361
121 233
121 369
121 241
122 378
122 250
122 126
122 124
122 314
122 186
122 346
122 218
122 362
122 234
122 370
122 242
122 377
122 249
122 125
122 123
123 379
123 251
123 127
123 124
123 315
123 187
123 347
123 219
123 363
123 235
123 371
123 243
123 377
123 249
123 125
124 380
124 252
124 128
124 316
124 188
124 348
124 220
124 364
124 236
124 372
124 244
124 378
124 250
124 126
124 379
124 251
124 127
125 381
125 253
125 127
125 126
125 317
125 189
125 349
125 221
125 365
125 237
125 373
125 245
125 377
125 249
126 382
126 254
126 128
126 318
126 190
126 350
126 222
126 366
126 238
126 374
126 246
126 378
126 250
126 381
126 253
126 127
127 383
127 255
127 128
127 319
127 191
127 351
127 223
127 367
127 239
127 375
127 247
127 379
127 251
127 381
127 253
128 384
128 256
128 320
128 192
128 352
128 224
128 368
128 240
128 376
128 248
128 380
128 252
128 382
128 254
128 383
128 255
129 385
129 193
129 161
129 145
129 137
129 133
129 131
129 130
129 257
130 386
130 194
130 162
130 146
130 138
130 134
130 132
130 258
130 385
130 193
130 161
130 145
130 137
130 133
130 131
131 387
131 195
131 163
131 147
131 139
131 135
131 132
131 259
131 385
131 193
131 161
131 145
131 137
131 133
132 388
132 196
132 164
132 148
132 140
132 136
132 260
132 386
132 194
132 162
132 146
132 138
132 134
132 387
132 195
132 163
132 147
132 139
132 135
133 389
133 197
133 165
133 149
133 141
133 135
133 134
133 261
133 385
133 193
133 161
133 145
133 137
134 390
134 198
134 166
134 150
134 142
134 136
134 262
134 386
134 194
134 162
134 146
134 138
134 389
134 197
134 165
134 149
134 141
134 135
135 391
135 199
135 167
135 151
135 143
135 136
135 263
135 387
135 195
135 163
135 147
135 139
135 389
135 197
135 165
135 149
135 141
136 392
136 200
136 168
136 152
136 144
136 264
136 388
136 196
136 164
136 148
136 140
136 390
136 198
136 166
136 150
136 142
136 391
136 199
136 167
136 151
136 143
137 393
137 201
137 169
137 153
137 141
137 139
137 138
137 265
137 385
137 193
137 161
137 145
138 394
138 202
138 170
138 154
138 142
138 140
138 266
138 386
138 194
138 162
138 146
138 393
138 201
138 169
138 153
138 141
138 139
139 395
139 203
139 171
139 155
139 143
139 140
139 267
139 387
139 195
139 163
139 147
139 393
139 201
139 169
139 153
139 141
140 396
140 204
140 172
140 156
140 144
140 268
140 388
140 196
140 164
140 148
140 394
140 202
140 170
140 154
140 142
140 395
140 203
140 171
140 155
140 143
141 397
141 205
141 173
141 157
141 143
141 142
141 269
141 389
141 197
141 165
141 149
141 393
141 201
141 169
141 153
142 398
142 206
142 174
142 158
142 144
142 270
142 390
142 198
142 166
142 150
142 394
142 202
142 170
142 154
142 397
142 205
142 173
142 157
142 143
143 399
143 207
143 175
143 159
143 144
143 271
143 391
143 199
143 167
143 151
143 395
143 203
143 171
143 155
143 397
143 205
143 173
143 157
144 400
144 208
144 176
144 160
144 272
144 392
144 200
144 168
144 152
144 396
144 204
144 172
144 156
144 398
144 206
144 174
144 158
144 399
144 207
144 175
144 159
145 401
145 209
145 177
145 153
145 149
145 147
145 146
145 273
145 385
145 193
145 161
146 402
146 210
146 178
146 154
146 150
146 148
146 274
146 386
146 194
146 162
146 401
146 209
146 177
146 153
146 149
146 147
147 403
147 211
147 179
147 155
147 151
147 148
147 275
147 387
147 195
147 163
147 401
147 209
147 177
147 153
147 149
148 404
148 212
148 180
148 156
148 152
148 276
148 388
148 196
148 164
148 402
148 210
148 178
148 154
148 150
148 403
148 211
148 179
148 155
148 151
149 405
149 213
149 181
149 157
149 151
149 150
149 277
149 389
149 197
149 165
149 401
149 209
149 177
149 153
150 406
150 214
150 182
150 158
150 152
150 278
150 390
150 198
150 166
150 402
150 210
150 178
150 154
150 405
150 213
150 181
150 157
150 151
151 407
151 215
151 183
151 159
151 152
151 279
151 391
151 199
151 167
151 403
151 211
151 179
151 155
151 405
151 213
151 181
151 157
152 408
152 216
152 184
152 160
152 280
152 392
152 200
152 168
152 404
152 212
152 180
152 156
152 406
152 214
152 182
152 158
152 407
152 215
152 183
152 159
153 409
153 217
153 185
153 157
153 155
153 154
153 281
153 393
153 201
153 169
153 401
153 209
153 177
154 410
154 218
154 186
154 158
154 156
154 282
154 394
154 202
154 170
154 402
154 210
154 178
154 409
154 217
154 185
154 157
154 155
155 411
155 219
155 187
155 159
155 156
155 283
155 395
155 203
155 171
155 403
155 211
155 179
155 409
155 217
155 185
155 157
156 412
156 220
156 188
156 160
156 284
156 396
156 204
156 172
156 404
156 212
156 180
156 410
156 218
156 186
156 158
156 411
156 219
156 187
156 159
157 413
157 221
157 189
157 159
157 158
157 285
157 397
157 205
157 173
157 405
157 213
157 181
157 409
157 217
157 185
158 414
158 222
158 190
158 160
158 286
158 398
158 206
158 174
158 406
158 214
158 182
158 410
158 218
158 186
158 413
158 221
158 189
158 159
159 415
159 223
159 191
159 160
159 287
159 399
159 207
159 175
159 407
159 215
159 183
159 411
159 219
159 187
159 413
159 221
159 189
160 416
160 224
160 192
160 288
160 400
160 208
160 176
160 408
160 216
160 184
160 412
160 220
160 188
160 414
160 222
160 190
160 415
160 223
160 191
161 417
161 225
161 177
161 169
161 165
161 163
161 162
161 289
161 385
161 193
162 418
162 226
162 178
162 170
162 166
162 164
162 290
162 386
162 194
162 417
162 225
162 177
162 169
162 165
162 163
163 419
163 227
163 179
163 171
163 167
163 164
163 291
163 387
163 195
163 417
163 225
163 177
163 169
163 165
164 420
164 228
164 180
164 172
164 168
164 292
164 388
164 196
164 418
164 226
164 178
164 170
164 166
164 419
164 227
164 179
164 171
164 167
165 421
165 229
165 181
165 173
165 167
165 166
165 293
165 389
165 197
165 417
165 225
165 177
165 169
166 422
166 230
166 182
166 174
166 168
166 294
166 390
166 198
166 418
166 226
166 178
166 170
166 421
166 229
166 181
166 173
166 167
167 423
167 231
167 183
167 175
167 168
167 295
167 391
167 199
167 419
167 227
167 179
167 171
167 421
167 229
167 181
167 173
168 424
168 232
168 184
168 176
168 296
168 392
168 200
168 420
168 228
168 180
168 172
168 422
168 230
168 182
168 174
168 423
168 231
168 183
168 175
169 425
169 233
169 185
169 173
169 171
169 170
169 297
169 393
169 201
169 417
169 225
169 177
170 426
170 234
170 186
170 174
170 172
170 298
170 394
170 202
170 418
170 226
170 178
170 425
170 233
170 185
170 173
170 171
171 427
171 235
171 187
171 175
171 172
171 299
171 395
171 203
171 419
171 227
171 179
171 425
171 233
171 185
171 173
172 428
172 236
172 188
172 176
172 300
172 396
172 204
172 420
172 228
172 180
172 426
172 234
172 186
172 174
172 427
172 235
172 187
172 175
173 429
173 237
173 189
173 175
173 174
173 301
173 397
173 205
173 421
173 229
173 181
173 425
173 233
173 185
174 430
174 238
174 190
174 176
174 302
174 398
174 206
174 422
174 230
174 182
174 426
174 234
174 186
174 429
174 237
174 189
174 175
175 431
175 239
175 191
175 176
175 303
175 399
175 207
175 423
175 231
175 183
175 427
175 235
175 187
175 429
175 237
175 189
176 432
176 240
176 192
176 304
176 400
176 208
176 424
176 232
176 184
176 428
176 236
176 188
176 430
176 238
176 190
176 431
176 239
176 191
177 433
177 241
177 185
177 181
177 179
177 178
177 305
177 401
177 209
177 417
177 225
178 434
178 242
178 186
178 182
178 180
178 306
178 402
178 210
178 418
178 226
178 433
178 241
178 185
178 181
178 179
179 435
179 243
179 187
179 183
179 180
179 307
179 403
179 211
179 419
179 227
179 433
179 241
179 185
179 181
180 436
180 244
180 188
180 184
180 308
180 404
180 212
180 420
180 228
180 434
180 242
180 186
180 182
180 435
180 243
180 187
180 183
181 437
181 245
181 189
181 183
181 182
181 309
181 405
181 213
181 421
181 229
181 433
181 241
181 185
182 438
182 246
182 190
182 184
182 310
182 406
182 214
182 422
182 230
182 434
182 242
182 186
182 437
182 245
182 189
182 183
183 439
183 247
183 191
183 184
183 311
183 407
183 215
183 423
183 231
183 435
183 243
183 187
183 437
183 245
183 189
184 440
184 248
184 192
184 312
184 408
184 216
184 424
184 232
184 436
184 244
184 188
184 438
184 246
184 190
184 439
184 247
184 191
185 441
185 249
185 189
185 187
185 186
185 313
185 409
185 217
185 425
185 233
185 433
185 241
186 442
186 250
186 190
186 188
186 314
186 410
186 218
186 426
186 234
186 434
186 242
186 441
186 249
186 189
186 187
187 443
187 251
187 191
187 188
187 315
187 411
187 219
187 427
187 235
187 435
187 243
187 441
187 249
187 189
188 444
188 252
188 192
188 316
188 412
188 220
188 428
188 236
188 436
188 244
188 442
188 250
188 190
188 443
188 251
188 191
189 445
189 253
189 191
189 190
189 317
189 413
189 221
189 429
189 237
189 437
189 245
189 441
189 249
190 446
190 254
190 192
190 318
190 414
190 222
190 430
190 238
190 438
190 246
190 442
190 250
190 445
190 253
190 191
191 447
191 255
191 192
191 319
191 415
191 223
191 431
191 239
191 439
191 247
191 443
191 251
191 445
191 253
192 448
192 256
192 320
192 416
192 224
192 432
192 240
192 440
192 248
192 444
192 252
192 446
192 254
192 447
192 255
193 449
193 225
193 209
193 201
193 197
193 195
193 194
193 321
193 385
194 450
194 226
194 210
194 202
194 198
194 196
194 322
194 386
194 449
194 225
194 209
194 201
194 197
194 195
195 451
195 227
195 211
195 203
195 199
195 196
195 323
195 387
195 449
195 225
195 209
195 201
195 197
196 452
196 228
196 212
196 204
196 200
196 324
196 388
196 450
196 226
196 210
196 202
196 198
196 451
196 227
196 211
196 203
196 199
197 453
197 229
197 213
197 205
197 199
197 198
197 325
197 389
197 449
197 225
197 209
197 201
198 454
198 230
198 214
198 206
198 200
198 326
198 390
198 450
198 226
198 210
198 202
198 453
198 229
198 213
198 205
198 199
199 455
199 231
199 215
199 207
199 200
199 327
199 391
199 451
199 227
199 211
199 203
199 453
199 229
199 213
199 205
200 456
200 232
200 216
200 208
200 328
200 392
200 452
200 228
200 212
200 204
200 454
200 230
200 214
200 206
200 455
200 231
200 215
200 207
201 457
201 233
201 217
201 205
201 203
201 202
201 329
201 393
201 449
201 225
201 209
202 458
202 234
202 218
202 206
202 204
202 330
202 394
202 450
202 226
202 210
202 457
202 233
202 217
202 205
202 203
203 459
203 235
203 219
203 207
203 204
203 331
203 395
203 451
203 227
203 211
203 457
203 233
203 217
203 205
204 460
204 236
204 220
204 208
204 332
204 396
204 452
204 228
204 212
204 458
204 234
204 218
204 206
204 459
204 235
204 219
204 207
205 461
205 237
205 221
205 207
205 206
205 333
205 397
205 453
205 229
205 213
205 457
205 233
205 217
206 462
206 238
206 222
206 208
206 334
206 398
206 454
206 230
206 214
206 458
206 234
206 218
206 461
206 237
206 221
206 207
207 463
207 239
207 223
207 208
207 335
207 399
207 455
207 231
207 215
207 459
207 235
207 219
207 461
207 237
207 221
208 464
208 240
208 224
208 336
208 400
208 456
208 232
208 216
208 460
208 236
208 220
208 462
208 238
208 222
208 463
208 239
208 223
209 465
209 241
209 217
209 213
209 211
209 210
209 337
209 401
209 449
209 225
210 466
210 242
210 218
210 214
210 212
210 338
210 402
210 450
210 226
210 465
210 241
210 217
210 213
210 211
211 467
211 243
211 219
211 215
211 212
211 339
211 403
211 451
211 227
211 465
211 241
211 217
211 213
212 468
212 244
212 220
212 216
212 340
212 404
212 452
212 228
212 466
212 242
212 218
212 214
212 467
212 243
212 219
212 215
213 469
213 245
213 221
213 215
213 214
213 341
213 405
213 453
213 229
213 465
213 241
213 217
214 470
214 246
214 222
214 216
214 342
214 406
214 454
214 230
214 466
214 242
214 218
214 469
214 245
214 221
214 215
215 471
215 247
215 223
215 216
215 343
215 407
215 455
215 231
215 467
215 243
215 219
215 469
215 245
215 221
216 472
216 248
216 224
216 344
216 408
216 456
216 232
216 468
216 244
216 220
216 470
216 246
216 222
216 471
216 247
216 223
217 473
217 249
217 221
217 219
217 218
217 345
217 409
217 457
217 233
217 465
217 241
218 474
218 250
218 222
218 220
218 346
218 410
218 458
218 234
218 466
218 242
218 473
218 249
218 221
218 219
219 475
219 251
219 223
219 220
219 347
219 411
219 459
219 235
219 467
219 243
219 473
219 249
219 221
220 476
220 252
220 224
220 348
220 412
220 460
220 236
220 468
220 244
220 474
220 250
220 222
220 475
220 251
220 223
221 477
221 253
221 223
221 222
221 349
221 413
221 461
221 237
221 469
221 245
221 473
221 249
222 478
222 254
222 224
222 350
222 414
222 462
222 238
222 470
222 246
222 474
222 250
222 477
222 253
222 223
223 479
223 255
223 224
223 351
223 415
223 463
223 239
223 471
223 247
223 475
223 251
223 477
223 253
224 480
224 256
224 352
224 416
224 464
224 240
224 472
224 248
224 476
224 252
224 478
224 254
224 479
224 255
225 481
225 241
225 233
225 229
225 227
225 226
225 353
225 417
225 449
226 482
226 242
226 234
226 230
226 228
226 354
226 418
226 450
226 481
226 241
226 233
226 229
226 227
227 483
227 243
227 235
227 231
227 228
227 355
227 419
227 451
227 481
227 241
227 233
227 229
228 484
228 244
228 236
228 232
228 356
228 420
228 452
228 482
228 242
228 234
228 230
228 483
228 243
228 235
228 231
229 485
229 245
229 237
229 231
229 230
229 357
229 421
229 453
229 481
229 241
229 233
230 486
230 246
230 238
230 232
230 358
230 422
230 454
230 482
230 242
230 234
230 485
230 245
230 237
230 231
231 487
231 247
231 239
231 232
231 359
231 423
231 455
231 483
231 243
231 235
231 485
231 245
231 237
232 488
232 248
232 240
232 360
232 424
232 456
232 484
232 244
232 236
232 486
232 246
232 238
232 487
232 247
232 239
233 489
233 249
233 237
233 235
233 234
233 361
233 425
233 457
233 481
233 241
234 490
234 250
234 238
234 236
234 362
234 426
234 458
234 482
234 242
234 489
234 249
234 237
234 235
235 491
235 251
235 239
235 236
235 363
235 427
235 459
235 483
235 243
235 489
235 249
235 237
236 492
236 252
236 240
236 364
236 428
236 460
236 484
236 244
236 490
236 250
236 238
236 491
236 251
236 239
237 493
237 253
237 239
237 238
237 365
237 429
237 461
237 485
237 245
237 489
237 249
238 494
238 254
238 240
238 366
238 430
238 462
238 486
238 246
238 490
238 250
238 493
238 253
238 239
239 495
239 255
239 240
239 367
239 431
239 463
239 487
239 247
239 491
239 251
239 493
239 253
240 496
240 256
240 368
240 432
240 464
240 488
240 248
240 492
240 252
240 494
240 254
240 495
240 255
241 497
241 249
241 245
241 243
241 242
241 369
241 433
241 465
241 481
242 498
242 250
242 246
242 244
242 370
242 434
242 466
242 482
242 497
242 249
242 245
242 243
243 499
243 251
243 247
243 244
243 371
243 435
243 467
243 483
243 497
243 249
243 245
244 500
244 252
244 248
244 372
244 436
244 468
244 484
244 498
244 250
244 246
244 499
244 251
244 247
245 501
245 253
245 247
245 246
245 373
245 437
245 469
245 485
245 497
245 249
246 502
246 254
246 248
246 374
246 438
246 470
246 486
246 498
246 250
246 501
246 253
246 247
247 503
247 255
247 248
247 375
247 439
247 471
247 487
247 499
247 251
247 501
247 253
248 504
248 256
248 376
248 440
248 472
248 488
248 500
248 252
248 502
248 254
248 503
248 255
249 505
249 253
249 251
249 250
249 377
249 441
249 473
249 489
249 497
250 506
250 254
250 252
250 378
250 442
250 474
250 490
250 498
250 505
250 253
250 251
251 507
251 255
251 252
251 379
251 443
251 475
251 491
251 499
251 505
251 253
252 508
252 256
252 380
252 444
252 476
252 492
252 500
252 506
252 254
252 507
252 255
253 509
253 255
253 254
253 381
253 445
253 477
253 493
253 501
253 505
254 510
254 256
254 382
254 446
254 478
254 494
254 502
254 506
254 509
254 255
255 511
255 256
255 383
255 447
255 479
255 495
255 503
255 507
255 509
256 512
256 384
256 448
256 480
256 496
256 504
256 508
256 510
256 511
257 385
257 321
257 289
257 273
257 265
257 261
257 259
257 258
258 386
258 322
258 290
258 274
258 266
258 262
258 260
258 385
258 321
258 289
258 273
258 265
258 261
258 259
259 387
259 323
259 291
259 275
259 267
259 263
259 260
259 385
259 321
259 289
259 273
259 265
259 261
260 388
260 324
260 292
260 276
260 268
260 264
260 386
260 322
260 290
260 274
260 266
260 262
260 387
260 323
260 291
260 275
260 267
260 263
261 389
261 325
261 293
261 277
261 269
261 263
261 262
261 385
261 321
261 289
261 273
261 265
262 390
262 326
262 294
262 278
262 270
262 264
262 386
262 322
262 290
262 274
262 266
262 389
262 325
262 293
262 277
262 269
262 263
263 391
263 327
263 295
263 279
263 271
263 264
263 387
263 323
263 291
263 275
263 267
263 389
263 325
263 293
263 277
263 269
264 392
264 328
264 296
264 280
264 272
264 388
264 324
264 292
264 276
264 268
264 390
264 326
264 294
264 278
264 270
264 391
264 327
264 295
264 279
264 271
265 393
265 329
265 297
265 281
265 269
265 267
265 266
265 385
265 321
265 289
265 273
266 394
266 330
266 298
266 282
266 270
266 268
266 386
266 322
266 290
266 274
266 393
266 329
266 297
266 281
266 269
266 267
267 395
267 331
267 299
267 283
267 271
267 268
267 387
267 323
267 291
267 275
267 393
267 329
267 297
267 281
267 269
268 396
268 332
268 300
268 284
268 272
268 388
268 324
268 292
268 276
268 394
268 330
268 298
268 282
268 270
268 395
268 331
268 299
268 283
268 271
269 397
269 333
269 301
269 285
269 271
269 270
269 389
269 325
269 293
269 277
269 393
269 329
269 297
269 281
270 398
270 334
270 302
270 286
270 272
270 390
270 326
270 294
270 278
270 394
270 330
270 298
270 282
270 397
270 333
270 301
270 285
270 271
271 399
271 335
271 303
271 287
271 272
271 391
271 327
271 295
271 279
271 395
271 331
271 299
271 283
271 397
271 333
271 301
271 285
272 400
272 336
272 304
272 288
272 392
272 328
272 296
272 280
272 396
272 332
272 300
272 284
272 398
272 334
272 302
272 286
272 399
272 335
272 303
272 287
273 401
273 337
273 305
273 281
273 277
273 275
273 274
273 385
273 321
273 289
274 402
274 338
274 306
274 282
274 278
274 276
274 386
274 322
274 290
274 401
274 337
274 305
274 281
274 277
274 275
275 403
275 339
275 307
275 283
275 279
275 276
275 387
275 323
275 291
275 401
275 337
275 305
275 281
275 277
276 404
276 340
276 308
276 284
276 280
276 388
276 324
276 292
276 402
276 338
276 306
276 282
276 278
276 403
276 339
276 307
276 283
276 279
277 405
277 341
277 309
277 285
277 279
277 278
277 389
277 325
277 293
277 401
277 337
277 305
277 281
278 406
278 342
278 310
278 286
278 280
278 390
278 326
278 294
278 402
278 338
278 306
278 282
278 405
278 341
278 309
278 285
278 279
279 407
279 343
279 311
279 287
279 280
279 391
279 327
279 295
279 403
279 339
279 307
279 283
279 405
279 341
279 309
279 285
280 408
280 344
280 312
280 288
280 392
280 328
280 296
280 404
280 340
280 308
280 284
280 406
280 342
280 310
280 286
280 407
280 343
280 311
280 287
281 409
281 345
281 313
281 285
281 283
281 282
281 393
281 329
281 297
281 401
281 337
281 305
282 410
282 346
282 314
282 286
282 284
282 394
282 330
282 298
282 402
282 338
282 306
282 409
282 345
282 313
282 285
282 283
283 411
283 347
283 315
283 287
283 284
283 395
283 331
283 299
283 403
283 339
283 307
283 409
283 345
283 313
283 285
284 412
284 348
284 316
284 288
284 396
284 332
284 300
284 404
284 340
284 308
284 410
284 346
284 314
284 286
284 411
284 347
284 315
284 287
285 413
285 349
285 317
285 287
285 286
285 397
285 333
285 301
285 405
285 341
285 309
285 409
285 345
285 313
286 414
286 350
286 318
286 288
286 398
286 334
286 302
286 406
286 342
286 310
286 410
286 346
286 314
286 413
286 349
286 317
286 287
287 415
287 351
287 319
287 288
287 399
287 335
287 303
287 407
287 343
287 311
287 411
287 347
287 315
287 413
287 349
287 317
288 416
288 352
288 320
288 400
288 336
288 304
288 408
288 344
288 312
288 412
288 348
288 316
288 414
288 350
288 318
288 415
288 351
288 319
289 417
289 353
289 305
289 297
289 293
289 291
289 290
289 385
289 321
290 418
290 354
290 306
290 298
290 294
290 292
290 386
290 322
290 417
290 353
290 305
290 297
290 293
290 291
291 419
291 355
291 307
291 299
291 295
291 292
291 387
291 323
291 417
291 353
291 305
291 297
291 293
292 420
292 356
292 308
292 300
292 296
292 388
292 324
292 418
292 354
292 306
292 298
292 294
292 419
292 355
292 307
292 299
292 295
293 421
293 357
293 309
293 301
293 295
293 294
293 389
293 325
293 417
293 353
293 305
293 297
294 422
294 358
294 310
294 302
294 296
294 390
294 326
294 418
294 354
294 306
294 298
294 421
294 357
294 309
294 301
294 295
295 423
295 359
295 311
295 303
295 296
295 391
295 327
295 419
295 355
295 307
295 299
295 421
295 357
295 309
295 301
296 424
296 360
296 312
296 304
296 392
296 328
296 420
296 356
296 308
296 300
296 422
296 358
296 310
296 302
296 423
296 359
296 311
296 303
297 425
297 361
297 313
297 301
297 299
297 298
297 393
297 329
297 417
297 353
297 305
298 426
298 362
298 314
298 302
298 300
298 394
298 330
298 418
298 354
298 306
298 425
298 361
298 313
298 301
298 299
299 427
299 363
299 315
299 303
299 300
299 395
299 331
299 419
299 355
299 307
299 425
299 361
299 313
299 301
300 428
300 364
300 316
300 304
300 396
300 332
300 420
300 356
300 308
300 426
300 362
300 314
300 302
300 427
300 363
300 315
300 303
301 429
301 365
301 317
301 303
301 302
301 397
301 333
301 421
301 357
301 309
301 425
301 361
301 313
302 430
302 366
302 318
302 304
302 398
302 334
302 422
302 358
302 310
302 426
302 362
302 314
302 429
302 365
302 317
302 303
303 431
303 367
303 319
303 304
303 399
303 335
303 423
303 359
303 311
303 427
303 363
303 315
303 429
303 365
303 317
304 432
304 368
304 320
304 400
304 336
304 424
304 360
304 312
304 428
304 364
304 316
304 430
304 366
304 318
304 431
304 367
304 319
305 433
305 369
305 313
305 309
305 307
305 306
305 401
305 337
305 417
305 353
306 434
306 370
306 314
306 310
306 308
306 402
306 338
306 418
306 354
306 433
306 369
306 313
306 309
306 307
307 435
307 371
307 315
307 311
307 308
307 403
307 339
307 419
307 355
307 433
307 369
307 313
307 309
308 436
308 372
308 316
308 312
308 404
308 340
308 420
308 356
308 434
308 370
308 314
308 310
308 435
308 371
308 315
308 311
309 437
309 373
309 317
309 311
309 310
309 405
309 341
309 421
309 357
309 433
309 369
309 313
310 438
310 374
310 318
310 312
310 406
310 342
310 422
310 358
310 434
310 370
310 314
310 437
310 373
310 317
310 311
311 439
311 375
311 319
311 312
311 407
311 343
311 423
311 359
311 435
311 371
311 315
311 437
311 373
311 317
312 440
312 376
312 320
312 408
312 344
312 424
312 360
312 436
312 372
312 316
312 438
312 374
312 318
312 439
312 375
312 319
313 441
313 377
313 317
313 315
313 314
313 409
313 345
313 425
313 361
313 433
313 369
314 442
314 378
314 318
314 316
314 410
314 346
314 426
314 362
314 434
314 370
314 441
314 377
314 317
314 315
315 443
315 379
315 319
315 316
315 411
315 347
315 427
315 363
315 435
315 371
315 441
315 377
315 317
316 444
316 380
316 320
316 412
316 348
316 428
316 364
316 436
316 372
316 442
316 378
316 318
316 443
316 379
316 319
317 445
317 381
317 319
317 318
317 413
317 349
317 429
317 365
317 437
317 373
317 441
317 377
318 446
318 382
318 320
318 414
318 350
318 430
318 366
318 438
318 374
318 442
318 378
318 445
318 381
318 319
319 447
319 383
319 320
319 415
319 351
319 431
319 367
319 439
319 375
319 443
319 379
319 445
319 381
320 448
320 384
320 416
320 352
320 432
320 368
320 440
320 376
320 444
320 380
320 446
320 382
320 447
320 383
321 449
321 353
321 337
321 329
321 325
321 323
321 322
321 385
322 450
322 354
322 338
322 330
322 326
322 324
322 386
322 449
322 353
322 337
322 329
322 325
322 323
323 451
323 355
323 339
323 331
323 327
323 324
323 387
323 449
323 353
323 337
323 329
323 325
324 452
324 356
324 340
324 332
324 328
324 388
324 450
324 354
324 338
324 330
324 326
324 451
324 355
324 339
324 331
324 327
325 453
325 357
325 341
325 333
325 327
325 326
325 389
325 449
325 353
325 337
325 329
326 454
326 358
326 342
326 334
326 328
326 390
326 450
326 354
326 338
326 330
326 453
326 357
326 341
326 333
326 327
327 455
327 359
327 343
327 335
327 328
327 391
327 451
327 355
327 339
327 331
327 453
327 357
327 341
327 333
328 456
328 360
328 344
328 336
328 392
328 452
328 356
328 340
328 332
328 454
328 358
328 342
328 334
328 455
328 359
328 343
328 335
329 457
329 361
329 345
329 333
329 331
329 330
329 393
329 449
329 353
329 337
330 458
330 362
330 346
330 334
330 332
330 394
330 450
330 354
330 338
330 457
330 361
330 345
330 333
330 331
331 459
331 363
331 347
331 335
331 332
331 395
331 451
331 355
331 339
331 457
331 361
331 345
331 333
332 460
332 364
332 348
332 336
332 396
332 452
332 356
332 340
332 458
332 362
332 346
332 334
332 459
332 363
332 347
332 335
333 461
333 365
333 349
333 335
333 334
333 397
333 453
333 357
333 341
333 457
333 361
333 345
334 462
334 366
334 350
334 336
334 398
334 454
334 358
334 342
334 458
334 362
334 346
334 461
334 365
334 349
334 335
335 463
335 367
335 351
335 336
335 399
335 455
335 359
335 343
335 459
335 363
335 347
335 461
335 365
335 349
336 464
336 368
336 352
336 400
336 456
336 360
336 344
336 460
336 364
336 348
336 462
336 366
336 350
336 463
336 367
336 351
337 465
337 369
337 345
337 341
337 339
337 338
337 401
337 449
337 353
338 466
338 370
338 346
338 342
338 340
338 402
338 450
338 354
338 465
338 369
338 345
338 341
338 339
339 467
339 371
339 347
339 343
339 340
339 403
339 451
339 355
339 465
339 369
339 345
339 341
340 468
340 372
340 348
340 344
340 404
340 452
340 356
340 466
340 370
340 346
340 342
340 467
340 371
340 347
340 343
341 469
341 373
341 349
341 343
341 342
341 405
341 453
341 357
341 465
341 369
341 345
342 470
342 374
342 350
342 344
342 406
342 454
342 358
342 466
342 370
342 346
342 469
342 373
342 349
342 343
343 471
343 375
343 351
343 344
343 407
343 455
343 359
343 467
343 371
343 347
343 469
343 373
343 349
344 472
344 376
344 352
344 408
344 456
344 360
344 468
344 372
344 348
344 470
344 374
344 350
344 471
344 375
344 351
345 473
345 377
345 349
345 347
345 346
345 409
345 457
345 361
345 465
345 369
346 474
346 378
346 350
346 348
346 410
346 458
346 362
346 466
346 370
346 473
346 377
346 349
346 347
347 475
347 379
347 351
347 348
347 411
347 459
347 363
347 467
347 371
347 473
347 377
347 349
348 476
348 380
348 352
348 412
348 460
348 364
348 468
348 372
348 474
348 378
348 350
348 475
348 379
348 351
349 477
349 381
349 351
349 350
349 413
349 461
349 365
349 469
349 373
349 473
349 377
350 478
350 382
350 352
350 414
350 462
350 366
350 470
350 374
350 474
350 378
350 477
350 381
350 351
351 479
351 383
351 352
351 415
351 463
351 367
351 471
351 375
351 475
351 379
351 477
351 381
352 480
352 384
352 416
352 464
352 368
352 472
352 376
352 476
352 380
352 478
352 382
352 479
352 383
353 481
353 369
353 361
353 357
353 355
353 354
353 417
353 449
354 482
354 370
354 362
354 358
354 356
354 418
354 450
354 481
354 369
354 361
354 357
354 355
355 483
355 371
355 363
355 359
355 356
355 419
355 451
355 481
355 369
355 361
355 357
356 484
356 372
356 364
356 360
356 420
356 452
356 482
356 370
356 362
356 358
356 483
356 371
356 363
356 359
357 485
357 373
357 365
357 359
357 358
357 421
357 453
357 481
357 369
357 361
358 486
358 374
358 366
358 360
358 422
358 454
358 482
358 370
358 362
358 485
358 373
358 365
358 359
359 487
359 375
359 367
359 360
359 423
359 455
359 483
359 371
359 363
359 485
359 373
359 365
360 488
360 376
360 368
360 424
360 456
360 484
360 372
360 364
360 486
360 374
360 366
360 487
360 375
360 367
361 489
361 377
361 365
361 363
361 362
361 425
361 457
361 481
361 369
362 490
362 378
362 366
362 364
362 426
362 458
362 482
362 370
362 489
362 377
362 365
362 363
363 491
363 379
363 367
363 364
363 427
363 459
363 483
363 371
363 489
363 377
363 365
364 492
364 380
364 368
364 428
364 460
364 484
364 372
364 490
364 378
364 366
364 491
364 379
364 367
365 493
365 381
365 367
365 366
365 429
365 461
365 485
365 373
365 489
365 377
366 494
366 382
366 368
366 430
366 462
366 486
366 374
366 490
366 378
366 493
366 381
366 367
367 495
367 383
367 368
367 431
367 463
367 487
367 375
367 491
367 379
367 493
367 381
368 496
368 384
368 432
368 464
368 488
368 376
368 492
368 380
368 494
368 382
368 495
368 383
369 497
369 377
369 373
369 371
369 370
369 433
369 465
369 481
370 498
370 378
370 374
370 372
370 434
370 466
370 482
370 497
370 377
370 373
370 371
371 499
371 379
371 375
371 372
371 435
371 467
371 483
371 497
371 377
371 373
372 500
372 380
372 376
372 436
372 468
372 484
372 498
372 378
372 374
372 499
372 379
372 375
373 501
373 381
373 375
373 374
373 437
373 469
373 485
373 497
373 377
374 502
374 382
374 376
374 438
374 470
374 486
374 498
374 378
374 501
374 381
374 375
375 503
375 383
375 376
375 439
375 471
375 487
375 499
375 379
375 501
375 381
376 504
376 384
376 440
376 472
376 488
376 500
376 380
376 502
376 382
376 503
376 383
377 505
377 381
377 379
377 378
377 441
377 473
377 489
377 497
378 506
378 382
378 380
378 442
378 474
378 490
378 498
378 505
378 381
378 379
379 507
379 383
379 380
379 443
379 475
379 491
379 499
379 505
379 381
380 508
380 384
380 444
380 476
380 492
380 500
380 506
380 382
380 507
380 383
381 509
381 383
381 382
381 445
381 477
381 493
381 501
381 505
382 510
382 384
382 446
382 478
382 494
382 502
382 506
382 509
382 383
383 511
383 384
383 447
383 479
383 495
383 503
383 507
383 509
384 512
384 448
384 480
384 496
384 504
384 508
384 510
384 511
385 449
385 417
385 401
385 393
385 389
385 387
385 386
386 450
386 418
386 402
386 394
386 390
386 388
386 449
386 417
386 401
386 393
386 389
386 387
387 451
387 419
387 403
387 395
387 391
387 388
387 449
387 417
387 401
387 393
387 389
388 452
388 420
388 404
388 396
388 392
388 450
388 418
388 402
388 394
388 390
388 451
388 419
388 403
388 395
388 391
389 453
389 421
389 405
389 397
389 391
389 390
389 449
389 417
389 401
389 393
390 454
390 422
390 406
390 398
390 392
390 450
390 418
390 402
390 394
390 453
390 421
390 405
390 397
390 391
391 455
391 423
391 407
391 399
391 392
391 451
391 419
391 403
391 395
391 453
391 421
391 405
391 397
392 456
392 424
392 408
392 400
392 452
392 420
392 404
392 396
392 454
392 422
392 406
392 398
392 455
392 423
392 407
392 399
393 457
393 425
393 409
393 397
393 395
393 394
393 449
393 417
393 401
394 458
394 426
394 410
394 398
394 396
394 450
394 418
394 402
394 457
394 425
394 409
394 397
394 395
395 459
395 427
395 411
395 399
395 396
395 451
395 419
395 403
395 457
395 425
395 409
395 397
396 460
396 428
396 412
396 400
396 452
396 420
396 404
396 458
396 426
396 410
396 398
396 459
396 427
396 411
396 399
397 461
397 429
397 413
397 399
397 398
397 453
397 421
397 405
397 457
397 425
397 409
398 462
398 430
398 414
398 400
398 454
398 422
398 406
398 458
398 426
398 410
398 461
398 429
398 413
398 399
399 463
399 431
399 415
399 400
399 455
399 423
399 407
399 459
399 427
399 411
399 461
399 429
399 413
400 464
400 432
400 416
400 456
400 424
400 408
400 460
400 428
400 412
400 462
400 430
400 414
400 463
400 431
400 415
401 465
401 433
401 409
401 405
401 403
401 402
401 449
401 417
402 466
402 434
402 410
402 406
402 404
402 450
402 418
402 465
402 433
402 409
402 405
402 403
403 467
403 435
403 411
403 407
403 404
403 451
403 419
403 465
403 433
403 409
403 405
404 468
404 436
404 412
404 408
404 452
404 420
404 466
404 434
404 410
404 406
404 467
404 435
404 411
404 407
405 469
405 437
405 413
405 407
405 406
405 453
405 421
405 465
405 433
405 409
406 470
406 438
406 414
406 408
406 454
406 422
406 466
406 434
406 410
406 469
406 437
406 413
406 407
407 471
407 439
407 415
407 408
407 455
407 423
407 467
407 435
407 411
407 469
407 437
407 413
408 472
408 440
408 416
408 456
408 424
408 468
408 436
408 412
408 470
408 438
408 414
408 471
408 439
408 415
409 473
409 441
409 413
409 411
409 410
409 457
409 425
409 465
409 433
410 474
410 442
410 414
410 412
410 458
410 426
410 466
410 434
410 473
410 441
410 413
410 411
411 475
411 443
411 415
411 412
411 459
411 427
411 467
411 435
411 473
411 441
411 413
412 476
412 444
412 416
412 460
412 428
412 468
412 436
412 474
412 442
412 414
412 475
412 443
412 415
413 477
413 445
413 415
413 414
413 461
413 429
413 469
413 437
413 473
413 441
414 478
414 446
414 416
414 462
414 430
414 470
414 438
414 474
414 442
414 477
414 445
414 415
415 479
415 447
415 416
415 463
415 431
415 471
415 439
415 475
415 443
415 477
415 445
416 480
416 448
416 464
416 432
416 472
416 440
416 476
416 444
416 478
416 446
416 479
416 447
417 481
417 433
417 425
417 421
417 419
417 418
417 449
418 482
418 434
418 426
418 422
418 420
418 450
418 481
418 433
418 425
418 421
418 419
419 483
419 435
419 427
419 423
419 420
419 451
419 481
419 433
419 425
419 421
420 484
420 436
420 428
420 424
420 452
420 482
420 434
420 426
420 422
420 483
420 435
420 427
420 423
421 485
421 437
421 429
421 423
421 422
421 453
421 481
421 433
421 425
422 486
422 438
422 430
422 424
422 454
422 482
422 434
422 426
422 485
422 437
422 429
422 423
423 487
423 439
423 431
423 424
423 455
423 483
423 435
423 427
423 485
423 437
423 429
424 488
424 440
424 432
424 456
424 484
424 436
424 428
424 486
424 438
424 430
424 487
424 439
424 431
425 489
425 441
425 429
425 427
425 426
425 457
425 481
425 433
426 490
426 442
426 430
426 428
426 458
426 482
426 434
426 489
426 441
426 429
426 427
427 491
427 443
427 431
427 428
427 459
427 483
427 435
427 489
427 441
427 429
428 492
428 444
428 432
428 460
428 484
428 436
428 490
428 442
428 430
428 491
428 443
428 431
429 493
429 445
429 431
429 430
429 461
429 485
429 437
429 489
429 441
430 494
430 446
430 432
430 462
430 486
430 438
430 490
430 442
430 493
430 445
430 431
431 495
431 447
431 432
431 463
431 487
431 439
431 491
431 443
431 493
431 445
432 496
432 448
432 464
432 488
432 440
432 492
432 444
432 494
432 446
432 495
432 447
433 497
433 441
433 437
433 435
433 434
433 465
433 481
434 498
434 442
434 438
434 436
434 466
434 482
434 497
434 441
434 437
434 435
435 499
435 443
435 439
435 436
435 467
435 483
435 497
435 441
435 437
436 500
436 444
436 440
436 468
436 484
436 498
436 442
436 438
436 499
436 443
436 439
437 501
437 445
437 439
437 438
437 469
437 485
437 497
437 441
438 502
438 446
438 440
438 470
438 486
438 498
438 442
438 501
438 445
438 439
439 503
439 447
439 440
439 471
439 487
439 499
439 443
439 501
439 445
440 504
440 448
440 472
440 488
440 500
440 444
440 502
440 446
440 503
440 447
441 505
441 445
441 443
441 442
441 473
441 489
441 497
442 506
442 446
442 444
442 474
442 490
442 498
442 505
442 445
442 443
443 507
443 447
443 444
443 475
443 491
443 499
443 505
443 445
444 508
444 448
444 476
444 492
444 500
444 506
444 446
444 507
444 447
445 509
445 447
445 446
445 477
445 493
445 501
445 505
446 510
446 448
446 478
446 494
446 502
446 506
446 509
446 447
447 511
447 448
447 479
447 495
447 503
447 507
447 509
448 512
448 480
448 496
448 504
448 508
448 510
448 511
449 481
449 465
449 457
449 453
449 451
449 450
450 482
450 466
450 458
450 454
450 452
450 481
450 465
450 457
450 453
450 451
451 483
451 467
451 459
451 455
451 452
451 481
451 465
451 457
451 453
452 484
452 468
452 460
452 456
452 482
452 466
452 458
452 454
452 483
452 467
452 459
452 455
453 485
453 469
453 461
453 455
453 454
453 481
453 465
453 457
454 486
454 470
454 462
454 456
454 482
454 466
454 458
454 485
454 469
454 461
454 455
455 487
455 471
455 463
455 456
455 483
455 467
455 459
455 485
455 469
455 461
456 488
456 472
456 464
456 484
456 468
456 460
456 486
456 470
456 462
456 487
456 471
456 463
457 489
457 473
457 461
457 459
457 458
457 481
457 465
458 490
458 474
458 462
458 460
458 482
458 466
458 489
458 473
458 461
458 459
459 491
459 475
459 463
459 460
459 483
459 467
459 489
459 473
459 461
460 492
460 476
460 464
460 484
460 468
460 490
460 474
460 462
460 491
460 475
460 463
461 493
461 477
461 463
461 462
461 485
461 469
461 489
461 473
462 494
462 478
462 464
462 486
462 470
462 490
462 474
462 493
462 477
462 463
463 495
463 479
463 464
463 487
463 471
463 491
463 475
463 493
463 477
464 496
464 480
464 488
464 472
464 492
464 476
464 494
464 478
464 495
464 479
465 497
465 473
465 469
465 467
465 466
465 481
466 498
466 474
466 470
466 468
466 482
466 497
466 473
466 469
466 467
467 499
467 475
467 471
467 468
467 483
467 497
467 473
467 469
468 500
468 476
468 472
468 484
468 498
468 474
468 470
468 499
468 475
468 471
469 501
469 477
469 471
469 470
469 485
469 497
469 473
470 502
470 478
470 472
470 486
470 498
470 474
470 501
470 477
470 471
471 503
471 479
471 472
471 487
471 499
471 475
471 501
471 477
472 504
472 480
472 488
472 500
472 476
472 502
472 478
472 503
472 479
473 505
473 477
473 475
473 474
473 489
473 497
474 506
474 478
474 476
474 490
474 498
474 505
474 477
474 475
475 507
475 479
475 476
475 491
475 499
475 505
475 477
476 508
476 480
476 492
476 500
476 506
476 478
476 507
476 479
477 509
477 479
477 478
477 493
477 501
477 505
478 510
478 480
478 494
478 502
478 506
478 509
478 479
479 511
479 480
479 495
479 503
479 507
479 509
480 512
480 496
480 504
480 508
480 510
480 511
481 497
481 489
481 485
481 483
481 482
482 498
482 490
482 486
482 484
482 497
482 489
482 485
482 483
483 499
483 491
483 487
483 484
483 497
483 489
483 485
484 500
484 492
484 488
484 498
484 490
484 486
484 499
484 491
484 487
485 501
485 493
485 487
485 486
485 497
485 489
486 502
486 494
486 488
486 498
486 490
486 501
486 493
486 487
487 503
487 495
487 488
487 499
487 491
487 501
487 493
488 504
488 496
488 500
488 492
488 502
488 494
488 503
488 495
489 505
489 493
489 491
489 490
489 497
490 506
490 494
490 492
490 498
490 505
490 493
490 491
491 507
491 495
491 492
491 499
491 505
491 493
492 508
492 496
492 500
492 506
492 494
492 507
492 495
493 509
493 495
493 494
493 501
493 505
494 510
494 496
494 502
494 506
494 509
494 495
495 511
495 496
495 503
495 507
495 509
496 512
496 504
496 508
496 510
496 511
497 505
497 501
497 499
497 498
498 506
498 502
498 500
498 505
498 501
498 499
499 507
499 503
499 500
499 505
499 501
500 508
500 504
500 506
500 502
500 507
500 503
501 509
501 503
501 502
501 505
502 510
502 504
502 506
502 509
502 503
503 511
503 504
503 507
503 509
504 512
504 508
504 510
504 511
505 509
505 507
505 506
506 510
506 508
506 509
506 507
507 511
507 508
507 509
508 512
508 510
508 511
509 511
509 510
510 512
510 511
511 512
