256 2816
1 129
1 65
1 33
1 17
1 9
1 5
1 3
1 2
2 130
2 66
2 34
2 18
2 10
2 6
2 4
2 129
2 65
2 33
2 17
2 9
2 5
2 3
3 131
3 67
3 35
3 19
3 11
3 7
3 4
3 129
3 65
3 33
3 17
3 9
3 5
4 132
4 68
4 36
4 20
4 12
4 8
4 130
4 66
4 34
4 18
4 10
4 6
4 131
4 67
4 35
4 19
4 11
4 7
5 133
5 69
5 37
5 21
5 13
5 7
5 6
5 129
5 65
5 33
5 17
5 9
6 134
6 70
6 38
6 22
6 14
6 8
6 130
6 66
6 34
6 18
6 10
6 133
6 69
6 37
6 21
6 13
6 7
7 135
7 71
7 39
7 23
7 15
7 8
7 131
7 67
7 35
7 19
7 11
7 133
7 69
7 37
7 21
7 13
8 136
8 72
8 40
8 24
8 16
8 132
8 68
8 36
8 20
8 12
8 134
8 70
8 38
8 22
8 14
8 135
8 71
8 39
8 23
8 15
9 137
9 73
9 41
9 25
9 13
9 11
9 10
9 129
9 65
9 33
9 17
10 138
10 74
10 42
10 26
10 14
10 12
10 130
10 66
10 34
10 18
10 137
10 73
10 41
10 25
10 13
10 11
11 139
11 75
11 43
11 27
11 15
11 12
11 131
11 67
11 35
11 19
11 137
11 73
11 41
11 25
11 13
12 140
12 76
12 44
12 28
12 16
12 132
12 68
12 36
12 20
12 138
12 74
12 42
12 26
12 14
12 139
12 75
12 43
12 27
12 15
13 141
13 77
13 45
13 29
13 15
13 14
13 133
13 69
13 37
13 21
13 137
13 73
13 41
13 25
14 142
14 78
14 46
14 30
14 16
14 134
14 70
14 38
14 22
14 138
14 74
14 42
14 26
14 141
14 77
14 45
14 29
14 15
15 143
15 79
15 47
15 31
15 16
15 135
15 71
15 39
15 23
15 139
15 75
15 43
15 27
15 141
15 77
15 45
15 29
16 144
16 80
16 48
16 32
16 136
16 72
16 40
16 24
16 140
16 76
16 44
16 28
16 142
16 78
16 46
16 30
16 143
16 79
16 47
16 31
17 145
17 81
17 49
17 25
17 21
17 19
17 18
17 129
17 65
17 33
18 146
18 82
18 50
18 26
18 22
18 20
18 130
18 66
18 34
18 145
18 81
18 49
18 25
18 21
18 19
19 147
19 83
19 51
19 27
19 23
19 20
19 131
19 67
19 35
19 145
19 81
19 49
19 25
19 21
20 148
20 84
20 52
20 28
20 24
20 132
20 68
20 36
20 146
20 82
20 50
20 26
20 22
20 147
20 83
20 51
20 27
20 23
21 149
21 85
21 53
21 29
21 23
21 22
21 133
21 69
21 37
21 145
21 81
21 49
21 25
22 150
22 86
22 54
22 30
22 24
22 134
22 70
22 38
22 146
22 82
22 50
22 26
22 149
22 85
22 53
22 29
22 23
23 151
23 87
23 55
23 31
23 24
23 135
23 71
23 39
23 147
23 83
23 51
23 27
23 149
23 85
23 53
23 29
24 152
24 88
24 56
24 32
24 136
24 72
24 40
24 148
24 84
24 52
24 28
24 150
24 86
24 54
24 30
24 151
24 87
24 55
24 31
25 153
25 89
25 57
25 29
25 27
25 26
25 137
25 73
25 41
25 145
25 81
25 49
26 154
26 90
26 58
26 30
26 28
26 138
26 74
26 42
26 146
26 82
26 50
26 153
26 89
26 57
26 29
26 27
27 155
27 91
27 59
27 31
27 28
27 139
27 75
27 43
27 147
27 83
27 51
27 153
27 89
27 57
27 29
28 156
28 92
28 60
28 32
28 140
28 76
28 44
28 148
28 84
28 52
28 154
28 90
28 58
28 30
28 155
28 91
28 59
28 31
29 157
29 93
29 61
29 31
29 30
29 141
29 77
29 45
29 149
29 85
29 53
29 153
29 89
29 57
30 158
30 94
30 62
30 32
30 142
30 78
30 46
30 150
30 86
30 54
30 154
30 90
30 58
30 157
30 93
30 61
30 31
31 159
31 95
31 63
31 32
31 143
31 79
31 47
31 151
31 87
31 55
31 155
31 91
31 59
31 157
31 93
31 61
32 160
32 96
32 64
32 144
32 80
32 48
32 152
32 88
32 56
32 156
32 92
32 60
32 158
32 94
32 62
32 159
32 95
32 63
33 161
33 97
33 49
33 41
33 37
33 35
33 34
33 129
33 65
34 162
34 98
34 50
34 42
34 38
34 36
34 130
34 66
34 161
34 97
34 49
34 41
34 37
34 35
35 163
35 99
35 51
35 43
35 39
35 36
35 131
35 67
35 161
35 97
35 49
35 41
35 37
36 164
36 100
36 52
36 44
36 40
36 132
36 68
36 162
36 98
36 50
36 42
36 38
36 163
36 99
36 51
36 43
36 39
37 165
37 101
37 53
37 45
37 39
37 38
37 133
37 69
37 161
37 97
37 49
37 41
38 166
38 102
38 54
38 46
38 40
38 134
38 70
38 162
38 98
38 50
38 42
38 165
38 101
38 53
38 45
38 39
39 167
39 103
39 55
39 47
39 40
39 135
39 71
39 163
39 99
39 51
39 43
39 165
39 101
39 53
39 45
40 168
40 104
40 56
40 48
40 136
40 72
40 164
40 100
40 52
40 44
40 166
40 102
40 54
40 46
40 167
40 103
40 55
40 47
41 169
41 105
41 57
41 45
41 43
41 42
41 137
41 73
41 161
41 97
41 49
42 170
42 106
42 58
42 46
42 44
42 138
42 74
42 162
42 98
42 50
42 169
42 105
42 57
42 45
42 43
43 171
43 107
43 59
43 47
43 44
43 139
43 75
43 163
43 99
43 51
43 169
43 105
43 57
43 45
44 172
44 108
44 60
44 48
44 140
44 76
44 164
44 100
44 52
44 170
44 106
44 58
44 46
44 171
44 107
44 59
44 47
45 173
45 109
45 61
45 47
45 46
45 141
45 77
45 165
45 101
45 53
45 169
45 105
45 57
46 174
46 110
46 62
46 48
46 142
46 78
46 166
46 102
46 54
46 170
46 106
46 58
46 173
46 109
46 61
46 47
47 175
47 111
47 63
47 48
47 143
47 79
47 167
47 103
47 55
47 171
47 107
47 59
47 173
47 109
47 61
48 176
48 112
48 64
48 144
48 80
48 168
48 104
48 56
48 172
48 108
48 60
48 174
48 110
48 62
48 175
48 111
48 63
49 177
49 113
49 57
49 53
49 51
49 50
49 145
49 81
49 161
49 97
50 178
50 114
50 58
50 54
50 52
50 146
50 82
50 162
50 98
50 177
50 113
50 57
50 53
50 51
51 179
51 115
51 59
51 55
51 52
51 147
51 83
51 163
51 99
51 177
51 113
51 57
51 53
52 180
52 116
52 60
52 56
52 148
52 84
52 164
52 100
52 178
52 114
52 58
52 54
52 179
52 115
52 59
52 55
53 181
53 117
53 61
53 55
53 54
53 149
53 85
53 165
53 101
53 177
53 113
53 57
54 182
54 118
54 62
54 56
54 150
54 86
54 166
54 102
54 178
54 114
54 58
54 181
54 117
54 61
54 55
55 183
55 119
55 63
55 56
55 151
55 87
55 167
55 103
55 179
55 115
55 59
55 181
55 117
55 61
56 184
56 120
56 64
56 152
56 88
56 168
56 104
56 180
56 116
56 60
56 182
56 118
56 62
56 183
56 119
56 63
57 185
57 121
57 61
57 59
57 58
57 153
57 89
57 169
57 105
57 177
57 113
58 186
58 122
58 62
58 60
58 154
58 90
58 170
58 106
58 178
58 114
58 185
58 121
58 61
58 59
59 187
59 123
59 63
59 60
59 155
59 91
59 171
59 107
59 179
59 115
59 185
59 121
59 61
60 188
60 124
60 64
60 156
60 92
60 172
60 108
60 180
60 116
60 186
60 122
60 62
60 187
60 123
60 63
61 189
61 125
61 63
61 62
61 157
61 93
61 173
61 109
61 181
61 117
61 185
61 121
62 190
62 126
62 64
62 158
62 94
62 174
62 110
62 182
62 118
62 186
62 122
62 189
62 125
62 63
63 191
63 127
63 64
63 159
63 95
63 175
63 111
63 183
63 119
63 187
63 123
63 189
63 125
64 192
64 128
64 160
64 96
64 176
64 112
64 184
64 120
64 188
64 124
64 190
64 126
64 191
64 127
65 193
65 97
65 81
65 73
65 69
65 67
65 66
65 129
66 194
66 98
66 82
66 74
66 70
66 68
66 130
66 193
66 97
66 81
66 73
66 69
66 67
67 195
67 99
67 83
67 75
67 71
67 68
67 131
67 193
67 97
67 81
67 73
67 69
68 196
68 100
68 84
68 76
68 72
68 132
68 194
68 98
68 82
68 74
68 70
68 195
68 99
68 83
68 75
68 71
69 197
69 101
69 85
69 77
69 71
69 70
69 133
69 193
69 97
69 81
69 73
70 198
70 102
70 86
70 78
70 72
70 134
70 194
70 98
70 82
70 74
70 197
70 101
70 85
70 77
70 71
71 199
71 103
71 87
71 79
71 72
71 135
71 195
71 99
71 83
71 75
71 197
71 101
71 85
71 77
72 200
72 104
72 88
72 80
72 136
72 196
72 100
72 84
72 76
72 198
72 102
72 86
72 78
72 199
72 103
72 87
72 79
73 201
73 105
73 89
73 77
73 75
73 74
73 137
73 193
73 97
73 81
74 202
74 106
74 90
74 78
74 76
74 138
74 194
74 98
74 82
74 201
74 105
74 89
74 77
74 75
75 203
75 107
75 91
75 79
75 76
75 139
75 195
75 99
75 83
75 201
75 105
75 89
75 77
76 204
76 108
76 92
76 80
76 140
76 196
76 100
76 84
76 202
76 106
76 90
76 78
76 203
76 107
76 91
76 79
77 205
77 109
77 93
77 79
77 78
77 141
77 197
77 101
77 85
77 201
77 105
77 89
78 206
78 110
78 94
78 80
78 142
78 198
78 102
78 86
78 202
78 106
78 90
78 205
78 109
78 93
78 79
79 207
79 111
79 95
79 80
79 143
79 199
79 103
79 87
79 203
79 107
79 91
79 205
79 109
79 93
80 208
80 112
80 96
80 144
80 200
80 104
80 88
80 204
80 108
80 92
80 206
80 110
80 94
80 207
80 111
80 95
81 209
81 113
81 89
81 85
81 83
81 82
81 145
81 193
81 97
82 210
82 114
82 90
82 86
82 84
82 146
82 194
82 98
82 209
82 113
82 89
82 85
82 83
83 211
83 115
83 91
83 87
83 84
83 147
83 195
83 99
83 209
83 113
83 89
83 85
84 212
84 116
84 92
84 88
84 148
84 196
84 100
84 210
84 114
84 90
84 86
84 211
84 115
84 91
84 87
85 213
85 117
85 93
85 87
85 86
85 149
85 197
85 101
85 209
85 113
85 89
86 214
86 118
86 94
86 88
86 150
86 198
86 102
86 210
86 114
86 90
86 213
86 117
86 93
86 87
87 215
87 119
87 95
87 88
87 151
87 199
87 103
87 211
87 115
87 91
87 213
87 117
87 93
88 216
88 120
88 96
88 152
88 200
88 104
88 212
88 116
88 92
88 214
88 118
88 94
88 215
88 119
88 95
89 217
89 121
89 93
89 91
89 90
89 153
89 201
89 105
89 209
89 113
90 218
90 122
90 94
90 92
90 154
90 202
90 106
90 210
90 114
90 217
90 121
90 93
90 91
91 219
91 123
91 95
91 92
91 155
91 203
91 107
91 211
91 115
91 217
91 121
91 93
92 220
92 124
92 96
92 156
92 204
92 108
92 212
92 116
92 218
92 122
92 94
92 219
92 123
92 95
93 221
93 125
93 95
93 94
93 157
93 205
93 109
93 213
93 117
93 217
93 121
94 222
94 126
94 96
94 158
94 206
94 110
94 214
94 118
94 218
94 122
94 221
94 125
94 95
95 223
95 127
95 96
95 159
95 207
95 111
95 215
95 119
95 219
95 123
95 221
95 125
96 224
96 128
96 160
96 208
96 112
96 216
96 120
96 220
96 124
96 222
96 126
96 223
96 127
97 225
97 113
97 105
97 101
97 99
97 98
97 161
97 193
98 226
98 114
98 106
98 102
98 100
98 162
98 194
98 225
98 113
98 105
98 101
98 99
99 227
99 115
99 107
99 103
99 100
99 163
99 195
99 225
99 113
99 105
99 101
100 228
100 116
100 108
100 104
100 164
100 196
100 226
100 114
100 106
100 102
100 227
100 115
100 107
100 103
101 229
101 117
101 109
101 103
101 102
101 165
101 197
101 225
101 113
101 105
102 230
102 118
102 110
102 104
102 166
102 198
102 226
102 114
102 106
102 229
102 117
102 109
102 103
103 231
103 119
103 111
103 104
103 167
103 199
103 227
103 115
103 107
103 229
103 117
103 109
104 232
104 120
104 112
104 168
104 200
104 228
104 116
104 108
104 230
104 118
104 110
104 231
104 119
104 111
105 233
105 121
105 109
105 107
105 106
105 169
105 201
105 225
105 113
106 234
106 122
106 110
106 108
106 170
106 202
106 226
106 114
106 233
106 121
106 109
106 107
107 235
107 123
107 111
107 108
107 171
107 203
107 227
107 115
107 233
107 121
107 109
108 236
108 124
108 112
108 172
108 204
108 228
108 116
108 234
108 122
108 110
108 235
108 123
108 111
109 237
109 125
109 111
109 110
109 173
109 205
109 229
109 117
109 233
109 121
110 238
110 126
110 112
110 174
110 206
110 230
110 118
110 234
110 122
110 237
110 125
110 111
111 239
111 127
111 112
111 175
111 207
111 231
111 119
111 235
111 123
111 237
111 125
112 240
112 128
112 176
112 208
112 232
112 120
112 236
112 124
112 238
112 126
112 239
112 127
113 241
113 121
113 117
113 115
113 114
113 177
113 209
113 225
114 242
114 122
114 118
114 116
114 178
114 210
114 226
114 241
114 121
114 117
114 115
115 243
115 123
115 119
115 116
115 179
115 211
115 227
115 241
115 121
115 117
116 244
116 124
116 120
116 180
116 212
116 228
116 242
116 122
116 118
116 243
116 123
116 119
117 245
117 125
117 119
117 118
117 181
117 213
117 229
117 241
117 121
118 246
118 126
118 120
118 182
118 214
118 230
118 242
118 122
118 245
118 125
118 119
119 247
119 127
119 120
119 183
119 215
119 231
119 243
119 123
119 245
119 125
120 248
120 128
120 184
120 216
120 232
120 244
120 124
120 246
120 126
120 247
120 127
121 249
121 125
121 123
121 122
121 185
121 217
121 233
121 241
122 250
122 126
122 124
122 186
122 218
122 234
122 242
122 249
122 125
122 123
123 251
123 127
123 124
123 187
123 219
123 235
123 243
123 249
123 125
124 252
124 128
124 188
124 220
124 236
124 244
124 250
124 126
124 251
124 127
125 253
125 127
125 126
125 189
125 221
125 237
125 245
125 249
126 254
126 128
126 190
126 222
126 238
126 246
126 250
126 253
126 127
127 255
127 128
127 191
127 223
127 239
127 247
127 251
127 253
128 256
128 192
128 224
128 240
128 248
128 252
128 254
128 255
129 193
129 161
129 145
129 137
129 133
129 131
129 130
130 194
130 162
130 146
130 138
130 134
130 132
130 193
130 161
130 145
130 137
130 133
130 131
131 195
131 163
131 147
131 139
131 135
131 132
131 193
131 161
131 145
131 137
131 133
132 196
132 164
132 148
132 140
132 136
132 194
132 162
132 146
132 138
132 134
132 195
132 163
132 147
132 139
132 135
133 197
133 165
133 149
133 141
133 135
133 134
133 193
133 161
133 145
133 137
134 198
134 166
134 150
134 142
134 136
134 194
134 162
134 146
134 138
134 197
134 165
134 149
134 141
134 135
135 199
135 167
135 151
135 143
135 136
135 195
135 163
135 147
135 139
135 197
135 165
135 149
135 141
136 200
136 168
136 152
136 144
136 196
136 164
136 148
136 140
136 198
136 166
136 150
136 142
136 199
136 167
136 151
136 143
137 201
137 169
137 153
137 141
137 139
137 138
137 193
137 161
137 145
138 202
138 170
138 154
138 142
138 140
138 194
138 162
138 146
138 201
138 169
138 153
138 141
138 139
139 203
139 171
139 155
139 143
139 140
139 195
139 163
139 147
139 201
139 169
139 153
139 141
140 204
140 172
140 156
140 144
140 196
140 164
140 148
140 202
140 170
140 154
140 142
140 203
140 171
140 155
140 143
141 205
141 173
141 157
141 143
141 142
141 197
141 165
141 149
141 201
141 169
141 153
142 206
142 174
142 158
142 144
142 198
142 166
142 150
142 202
142 170
142 154
142 205
142 173
142 157
142 143
143 207
143 175
143 159
143 144
143 199
143 167
143 151
143 203
143 171
143 155
143 205
143 173
143 157
144 208
144 176
144 160
144 200
144 168
144 152
144 204
144 172
144 156
144 206
144 174
144 158
144 207
144 175
144 159
145 209
145 177
145 153
145 149
145 147
145 146
145 193
145 161
146 210
146 178
146 154
146 150
146 148
146 194
146 162
146 209
146 177
146 153
146 149
146 147
147 211
147 179
147 155
147 151
147 148
147 195
147 163
147 209
147 177
147 153
147 149
148 212
148 180
148 156
148 152
148 196
148 164
148 210
148 178
148 154
148 150
148 211
148 179
148 155
148 151
149 213
149 181
149 157
149 151
149 150
149 197
149 165
149 209
149 177
149 153
150 214
150 182
150 158
150 152
150 198
150 166
150 210
150 178
150 154
150 213
150 181
150 157
150 151
151 215
151 183
151 159
151 152
151 199
151 167
151 211
151 179
151 155
151 213
151 181
151 157
152 216
152 184
152 160
152 200
152 168
152 212
152 180
152 156
152 214
152 182
152 158
152 215
152 183
152 159
153 217
153 185
153 157
153 155
153 154
153 201
153 169
153 209
153 177
154 218
154 186
154 158
154 156
154 202
154 170
154 210
154 178
154 217
154 185
154 157
154 155
155 219
155 187
155 159
155 156
155 203
155 171
155 211
155 179
155 217
155 185
155 157
156 220
156 188
156 160
156 204
156 172
156 212
156 180
156 218
156 186
156 158
156 219
156 187
156 159
157 221
157 189
157 159
157 158
157 205
157 173
157 213
157 181
157 217
157 185
158 222
158 190
158 160
158 206
158 174
158 214
158 182
158 218
158 186
158 221
158 189
158 159
159 223
159 191
159 160
159 207
159 175
159 215
159 183
159 219
159 187
159 221
159 189
160 224
160 192
160 208
160 176
160 216
160 184
160 220
160 188
160 222
160 190
160 223
160 191
161 225
161 177
161 169
161 165
161 163
161 162
161 193
162 226
162 178
162 170
162 166
162 164
162 194
162 225
162 177
162 169
162 165
162 163
163 227
163 179
163 171
163 167
163 164
163 195
163 225
163 177
163 169
163 165
164 228
164 180
164 172
164 168
164 196
164 226
164 178
164 170
164 166
164 227
164 179
164 171
164 167
165 229
165 181
165 173
165 167
165 166
165 197
165 225
165 177
165 169
166 230
166 182
166 174
166 168
166 198
166 226
166 178
166 170
166 229
166 181
166 173
166 167
167 231
167 183
167 175
167 168
167 199
167 227
167 179
167 171
167 229
167 181
167 173
168 232
168 184
168 176
168 200
168 228
168 180
168 172
168 230
168 182
168 174
168 231
168 183
168 175
169 233
169 185
169 173
169 171
169 170
169 201
169 225
169 177
170 234
170 186
170 174
170 172
170 202
170 226
170 178
170 233
170 185
170 173
170 171
171 235
171 187
171 175
171 172
171 203
171 227
171 179
171 233
171 185
171 173
172 236
172 188
172 176
172 204
172 228
172 180
172 234
172 186
172 174
172 235
172 187
172 175
173 237
173 189
173 175
173 174
173 205
173 229
173 181
173 233
173 185
174 238
174 190
174 176
174 206
174 230
174 182
174 234
174 186
174 237
174 189
174 175
175 239
175 191
175 176
175 207
175 231
175 183
175 235
175 187
175 237
175 189
176 240
176 192
176 208
176 232
176 184
176 236
176 188
176 238
176 190
176 239
176 191
177 241
177 185
177 181
177 179
177 178
177 209
177 225
178 242
178 186
178 182
178 180
178 210
178 226
178 241
178 185
178 181
178 179
179 243
179 187
179 183
179 180
179 211
179 227
179 241
179 185
179 181
180 244
180 188
180 184
180 212
180 228
180 242
180 186
180 182
180 243
180 187
180 183
181 245
181 189
181 183
181 182
181 213
181 229
181 241
181 185
182 246
182 190
182 184
182 214
182 230
182 242
182 186
182 245
182 189
182 183
183 247
183 191
183 184
183 215
183 231
183 243
183 187
183 245
183 189
184 248
184 192
184 216
184 232
184 244
184 188
184 246
184 190
184 247
184 191
185 249
185 189
185 187
185 186
185 217
185 233
185 241
186 250
186 190
186 188
186 218
186 234
186 242
186 249
186 189
186 187
187 251
187 191
187 188
187 219
187 235
187 243
187 249
187 189
188 252
188 192
188 220
188 236
188 244
188 250
188 190
188 251
188 191
189 253
189 191
189 190
189 221
189 237
189 245
189 249
190 254
190 192
190 222
190 238
190 246
190 250
190 253
190 191
191 255
191 192
191 223
191 239
191 247
191 251
191 253
192 256
192 224
192 240
192 248
192 252
192 254
192 255
193 225
193 209
193 201
193 197
193 195
193 194
194 226
194 210
194 202
194 198
194 196
194 225
194 209
194 201
194 197
194 195
195 227
195 211
195 203
195 199
195 196
195 225
195 209
195 201
195 197
196 228
196 212
196 204
196 200
196 226
196 210
196 202
196 198
196 227
196 211
196 203
196 199
197 229
197 213
197 205
197 199
197 198
197 225
197 209
197 201
198 230
198 214
198 206
198 200
198 226
198 210
198 202
198 229
198 213
198 205
198 199
199 231
199 215
199 207
199 200
199 227
199 211
199 203
199 229
199 213
199 205
200 232
200 216
200 208
200 228
200 212
200 204
200 230
200 214
200 206
200 231
200 215
200 207
201 233
201 217
201 205
201 203
201 202
201 225
201 209
202 234
202 218
202 206
202 204
202 226
202 210
202 233
202 217
202 205
202 203
203 235
203 219
203 207
203 204
203 227
203 211
203 233
203 217
203 205
204 236
204 220
204 208
204 228
204 212
204 234
204 218
204 206
204 235
204 219
204 207
205 237
205 221
205 207
205 206
205 229
205 213
205 233
205 217
206 238
206 222
206 208
206 230
206 214
206 234
206 218
206 237
206 221
206 207
207 239
207 223
207 208
207 231
207 215
207 235
207 219
207 237
207 221
208 240
208 224
208 232
208 216
208 236
208 220
208 238
208 222
208 239
208 223
209 241
209 217
209 213
209 211
209 210
209 225
210 242
210 218
210 214
210 212
210 226
210 241
210 217
210 213
210 211
211 243
211 219
211 215
211 212
211 227
211 241
211 217
211 213
212 244
212 220
212 216
212 228
212 242
212 218
212 214
212 243
212 219
212 215
213 245
213 221
213 215
213 214
213 229
213 241
213 217
214 246
214 222
214 216
214 230
214 242
214 218
214 245
214 221
214 215
215 247
215 223
215 216
215 231
215 243
215 219
215 245
215 221
216 248
216 224
216 232
216 244
216 220
216 246
216 222
216 247
216 223
217 249
217 221
217 219
217 218
217 233
217 241
218 250
218 222
218 220
218 234
218 242
218 249
218 221
218 219
219 251
219 223
219 220
219 235
219 243
219 249
219 221
220 252
220 224
220 236
220 244
220 250
220 222
220 251
220 223
221 253
221 223
221 222
221 237
221 245
221 249
222 254
222 224
222 238
222 246
222 250
222 253
222 223
223 255
223 224
223 239
223 247
223 251
223 253
224 256
224 240
224 248
224 252
224 254
224 255
225 241
225 233
225 229
225 227
225 226
226 242
226 234
226 230
226 228
226 241
226 233
226 229
226 227
227 243
227 235
227 231
227 228
227 241
227 233
227 229
228 244
228 236
228 232
228 242
228 234
228 230
228 243
228 235
228 231
229 245
229 237
229 231
229 230
229 241
229 233
230 246
230 238
230 232
230 242
230 234
230 245
230 237
230 231
231 247
231 239
231 232
231 243
231 235
231 245
231 237
232 248
232 240
232 244
232 236
232 246
232 238
232 247
232 239
233 249
233 237
233 235
233 234
233 241
234 250
234 238
234 236
234 242
234 249
234 237
234 235
235 251
235 239
235 236
235 243
235 249
235 237
236 252
236 240
236 244
236 250
236 238
236 251
236 239
237 253
237 239
237 238
237 245
237 249
238 254
238 240
238 246
238 250
238 253
238 239
239 255
239 240
239 247
239 251
239 253
240 256
240 248
240 252
240 254
240 255
241 249
241 245
241 243
241 242
242 250
242 246
242 244
242 249
242 245
242 243
243 251
243 247
243 244
243 249
243 245
244 252
244 248
244 250
244 246
244 251
244 247
245 253
245 247
245 246
245 249
246 254
246 248
246 250
246 253
246 247
247 255
247 248
247 251
247 253
248 256
248 252
248 254
248 255
249 253
249 251
249 250
250 254
250 252
250 253
250 251
251 255
251 252
251 253
252 256
252 254
252 255
253 255
253 254
254 256
254 255
255 256
