128 1120
1 65
1 33
1 17
1 9
1 5
1 3
1 2
2 66
2 34
2 18
2 10
2 6
2 4
2 65
2 33
2 17
2 9
2 5
2 3
3 67
3 35
3 19
3 11
3 7
3 4
3 65
3 33
3 17
3 9
3 5
4 68
4 36
4 20
4 12
4 8
4 66
4 34
4 18
4 10
4 6
4 67
4 35
4 19
4 11
4 7
5 69
5 37
5 21
5 13
5 7
5 6
5 65
5 33
5 17
5 9
6 70
6 38
6 22
6 14
6 8
6 66
6 34
6 18
6 10
6 69
6 37
6 21
6 13
6 7
7 71
7 39
7 23
7 15
7 8
7 67
7 35
7 19
7 11
7 69
7 37
7 21
7 13
8 72
8 40
8 24
8 16
8 68
8 36
8 20
8 12
8 70
8 38
8 22
8 14
8 71
8 39
8 23
8 15
9 73
9 41
9 25
9 13
9 11
9 10
9 65
9 33
9 17
10 74
10 42
10 26
10 14
10 12
10 66
10 34
10 18
10 73
10 41
10 25
10 13
10 11
11 75
11 43
11 27
11 15
11 12
11 67
11 35
11 19
11 73
11 41
11 25
11 13
12 76
12 44
12 28
12 16
12 68
12 36
12 20
12 74
12 42
12 26
12 14
12 75
12 43
12 27
12 15
13 77
13 45
13 29
13 15
13 14
13 69
13 37
13 21
13 73
13 41
13 25
14 78
14 46
14 30
14 16
14 70
14 38
14 22
14 74
14 42
14 26
14 77
14 45
14 29
14 15
15 79
15 47
15 31
15 16
15 71
15 39
15 23
15 75
15 43
15 27
15 77
15 45
15 29
16 80
16 48
16 32
16 72
16 40
16 24
16 76
16 44
16 28
16 78
16 46
16 30
16 79
16 47
16 31
17 81
17 49
17 25
17 21
17 19
17 18
17 65
17 33
18 82
18 50
18 26
18 22
18 20
18 66
18 34
18 81
18 49
18 25
18 21
18 19
19 83
19 51
19 27
19 23
19 20
19 67
19 35
19 81
19 49
19 25
19 21
20 84
20 52
20 28
20 24
20 68
20 36
20 82
20 50
20 26
20 22
20 83
20 51
20 27
20 23
21 85
21 53
21 29
21 23
21 22
21 69
21 37
21 81
21 49
21 25
22 86
22 54
22 30
22 24
22 70
22 38
22 82
22 50
22 26
22 85
22 53
22 29
22 23
23 87
23 55
23 31
23 24
23 71
23 39
23 83
23 51
23 27
23 85
23 53
23 29
24 88
24 56
24 32
24 72
24 40
24 84
24 52
24 28
24 86
24 54
24 30
24 87
24 55
24 31
25 89
25 57
25 29
25 27
25 26
25 73
25 41
25 81
25 49
26 90
26 58
26 30
26 28
26 74
26 42
26 82
26 50
26 89
26 57
26 29
26 27
27 91
27 59
27 31
27 28
27 75
27 43
27 83
27 51
27 89
27 57
27 29
28 92
28 60
28 32
28 76
28 44
28 84
28 52
28 90
28 58
28 30
28 91
28 59
28 31
29 93
29 61
29 31
29 30
29 77
29 45
29 85
29 53
29 89
29 57
30 94
30 62
30 32
30 78
30 46
30 86
30 54
30 90
30 58
30 93
30 61
30 31
31 95
31 63
31 32
31 79
31 47
31 87
31 55
31 91
31 59
31 93
31 61
32 96
32 64
32 80
32 48
32 88
32 56
32 92
32 60
32 94
32 62
32 95
32 63
33 97
33 49
33 41
33 37
33 35
33 34
33 65
34 98
34 50
34 42
34 38
34 36
34 66
34 97
34 49
34 41
34 37
34 35
35 99
35 51
35 43
35 39
35 36
35 67
35 97
35 49
35 41
35 37
36 100
36 52
36 44
36 40
36 68
36 98
36 50
36 42
36 38
36 99
36 51
36 43
36 39
37 101
37 53
37 45
37 39
37 38
37 69
37 97
37 49
37 41
38 102
38 54
38 46
38 40
38 70
38 98
38 50
38 42
38 101
38 53
38 45
38 39
39 103
39 55
39 47
39 40
39 71
39 99
39 51
39 43
39 101
39 53
39 45
40 104
40 56
40 48
40 72
40 100
40 52
40 44
40 102
40 54
40 46
40 103
40 55
40 47
41 105
41 57
41 45
41 43
41 42
41 73
41 97
41 49
42 106
42 58
42 46
42 44
42 74
42 98
42 50
42 105
42 57
42 45
42 43
43 107
43 59
43 47
43 44
43 75
43 99
43 51
43 105
43 57
43 45
44 108
44 60
44 48
44 76
44 100
44 52
44 106
44 58
44 46
44 107
44 59
44 47
45 109
45 61
45 47
45 46
45 77
45 101
45 53
45 105
45 57
46 110
46 62
46 48
46 78
46 102
46 54
46 106
46 58
46 109
46 61
46 47
47 111
47 63
47 48
47 79
47 103
47 55
47 107
47 59
47 109
47 61
48 112
48 64
48 80
48 104
48 56
48 108
48 60
48 110
48 62
48 111
48 63
49 113
49 57
49 53
49 51
49 50
49 81
49 97
50 114
50 58
50 54
50 52
50 82
50 98
50 113
50 57
50 53
50 51
51 115
51 59
51 55
51 52
51 83
51 99
51 113
51 57
51 53
52 116
52 60
52 56
52 84
52 100
52 114
52 58
52 54
52 115
52 59
52 55
53 117
53 61
53 55
53 54
53 85
53 101
53 113
53 57
54 118
54 62
54 56
54 86
54 102
54 114
54 58
54 117
54 61
54 55
55 119
55 63
55 56
55 87
55 103
55 115
55 59
55 117
55 61
56 120
56 64
56 88
56 104
56 116
56 60
56 118
56 62
56 119
56 63
57 121
57 61
57 59
57 58
57 89
57 105
57 113
58 122
58 62
58 60
58 90
58 106
58 114
58 121
58 61
58 59
59 123
59 63
59 60
59 91
59 107
59 115
59 121
59 61
60 124
60 64
60 92
60 108
60 116
60 122
60 62
60 123
60 63
61 125
61 63
61 62
61 93
61 109
61 117
61 121
62 126
62 64
62 94
62 110
62 118
62 122
62 125
62 63
63 127
63 64
63 95
63 111
63 119
63 123
63 125
64 128
64 96
64 112
64 120
64 124
64 126
64 127
65 97
65 81
65 73
65 69
65 67
65 66
66 98
66 82
66 74
66 70
66 68
66 97
66 81
66 73
66 69
66 67
67 99
67 83
67 75
67 71
67 68
67 97
67 81
67 73
67 69
68 100
68 84
68 76
68 72
68 98
68 82
68 74
68 70
68 99
68 83
68 75
68 71
69 101
69 85
69 77
69 71
69 70
69 97
69 81
69 73
70 102
70 86
70 78
70 72
70 98
70 82
70 74
70 101
70 85
70 77
70 71
71 103
71 87
71 79
71 72
71 99
71 83
71 75
71 101
71 85
71 77
72 104
72 88
72 80
72 100
72 84
72 76
72 102
72 86
72 78
72 103
72 87
72 79
73 105
73 89
73 77
73 75
73 74
73 97
73 81
74 106
74 90
74 78
74 76
74 98
74 82
74 105
74 89
74 77
74 75
75 107
75 91
75 79
75 76
75 99
75 83
75 105
75 89
75 77
76 108
76 92
76 80
76 100
76 84
76 106
76 90
76 78
76 107
76 91
76 79
77 109
77 93
77 79
77 78
77 101
77 85
77 105
77 89
78 110
78 94
78 80
78 102
78 86
78 106
78 90
78 109
78 93
78 79
79 111
79 95
79 80
79 103
79 87
79 107
79 91
79 109
79 93
80 112
80 96
80 104
80 88
80 108
80 92
80 110
80 94
80 111
80 95
81 113
81 89
81 85
81 83
81 82
81 97
82 114
82 90
82 86
82 84
82 98
82 113
82 89
82 85
82 83
83 115
83 91
83 87
83 84
83 99
83 113
83 89
83 85
84 116
84 92
84 88
84 100
84 114
84 90
84 86
84 115
84 91
84 87
85 117
85 93
85 87
85 86
85 101
85 113
85 89
86 118
86 94
86 88
86 102
86 114
86 90
86 117
86 93
86 87
87 119
87 95
87 88
87 103
87 115
87 91
87 117
87 93
88 120
88 96
88 104
88 116
88 92
88 118
88 94
88 119
88 95
89 121
89 93
89 91
89 90
89 105
89 113
90 122
90 94
90 92
90 106
90 114
90 121
90 93
90 91
91 123
91 95
91 92
91 107
91 115
91 121
91 93
92 124
92 96
92 108
92 116
92 122
92 94
92 123
92 95
93 125
93 95
93 94
93 109
93 117
93 121
94 126
94 96
94 110
94 118
94 122
94 125
94 95
95 127
95 96
95 111
95 119
95 123
95 125
96 128
96 112
96 120
96 124
96 126
96 127
97 113
97 105
97 101
97 99
97 98
98 114
98 106
98 102
98 100
98 113
98 105
98 101
98 99
99 115
99 107
99 103
99 100
99 113
99 105
99 101
100 116
100 108
100 104
100 114
100 106
100 102
100 115
100 107
100 103
101 117
101 109
101 103
101 102
101 113
101 105
102 118
102 110
102 104
102 114
102 106
102 117
102 109
102 103
103 119
103 111
103 104
103 115
103 107
103 117
103 109
104 120
104 112
104 116
104 108
104 118
104 110
104 119
104 111
105 121
105 109
105 107
105 106
105 113
106 122
106 110
106 108
106 114
106 121
106 109
106 107
107 123
107 111
107 108
107 115
107 121
107 109
108 124
108 112
108 116
108 122
108 110
108 123
108 111
109 125
109 111
109 110
109 117
109 121
110 126
110 112
110 118
110 122
110 125
110 111
111 127
111 112
111 119
111 123
111 125
112 128
112 120
112 124
112 126
112 127
113 121
113 117
113 115
113 114
114 122
114 118
114 116
114 121
114 117
114 115
115 123
115 119
115 116
115 121
115 117
116 124
116 120
116 122
116 118
116 123
116 119
117 125
117 119
117 118
117 121
118 126
118 120
118 122
118 125
118 119
119 127
119 120
119 123
119 125
120 128
120 124
120 126
120 127
121 125
121 123
121 122
122 126
122 124
122 125
122 123
123 127
123 124
123 125
124 128
124 126
124 127
125 127
125 126
126 128
126 127
127 128
