125 873
1 10
1 12
1 14
1 20
1 32
1 38
1 39
1 51
1 63
1 72
1 76
1 83
1 90
1 93
1 97
1 107
1 113
1 125
2 7
2 8
2 21
2 28
2 31
2 49
2 54
2 57
2 86
2 87
2 117
2 124
3 25
3 33
3 42
3 58
3 62
3 68
3 69
3 73
3 82
3 84
3 105
3 109
3 115
4 19
4 35
4 47
4 48
4 50
4 52
4 56
4 69
4 72
4 81
4 88
4 92
4 95
4 100
4 103
5 12
5 16
5 20
5 29
5 44
5 60
5 61
5 83
5 93
5 110
5 113
5 120
6 17
6 22
6 25
6 43
6 53
6 61
6 62
6 73
6 77
6 82
6 84
6 89
6 94
6 103
6 118
6 123
7 8
7 23
7 28
7 34
7 41
7 42
7 46
7 54
7 57
7 59
7 65
7 78
7 119
8 21
8 28
8 31
8 49
8 54
8 62
8 86
8 87
8 94
8 117
8 119
8 124
9 21
9 23
9 29
9 31
9 34
9 59
9 65
9 78
9 80
9 86
9 108
9 117
9 124
10 12
10 20
10 26
10 32
10 34
10 51
10 79
10 83
10 86
10 90
10 93
10 97
10 113
10 125
11 14
11 24
11 27
11 38
11 40
11 45
11 46
11 99
11 106
11 114
11 116
11 122
12 20
12 26
12 29
12 37
12 63
12 74
12 95
12 98
12 110
12 113
13 18
13 28
13 29
13 36
13 48
13 52
13 55
13 64
13 66
13 72
13 75
13 88
13 100
13 101
13 104
13 105
13 121
14 19
14 21
14 27
14 39
14 45
14 66
14 87
14 96
14 102
14 111
14 112
14 114
14 118
14 122
15 19
15 21
15 23
15 31
15 32
15 34
15 55
15 59
15 65
15 70
15 78
15 86
15 108
15 117
15 124
16 25
16 29
16 32
16 37
16 44
16 51
16 61
16 90
16 91
16 95
16 97
16 110
16 125
17 22
17 25
17 43
17 48
17 53
17 57
17 62
17 73
17 79
17 82
17 84
17 94
17 123
18 30
18 35
18 36
18 47
18 50
18 55
18 71
18 76
18 81
18 92
18 101
18 104
19 24
19 27
19 39
19 45
19 48
19 71
19 74
19 89
19 91
19 102
19 115
19 116
20 26
20 29
20 37
20 63
20 66
20 93
20 95
20 98
20 110
21 31
21 41
21 57
21 69
21 70
21 80
21 102
21 108
21 117
21 119
22 33
22 42
22 43
22 53
22 58
22 68
22 75
22 77
22 79
22 109
22 122
23 28
23 39
23 49
23 54
23 65
23 70
23 78
23 80
23 84
23 87
23 108
24 27
24 29
24 39
24 66
24 83
24 96
24 102
24 111
24 114
24 116
24 118
24 122
25 62
25 69
25 75
25 77
25 79
25 84
25 85
25 105
25 112
26 32
26 36
26 51
26 73
26 76
26 83
26 90
26 93
26 97
26 98
26 113
26 125
27 31
27 39
27 66
27 96
27 102
27 111
27 114
27 118
27 122
28 34
28 41
28 49
28 57
28 59
28 65
28 78
28 119
29 44
29 60
29 61
29 83
29 89
29 93
29 95
29 99
29 113
29 120
30 36
30 48
30 52
30 55
30 64
30 72
30 76
30 88
30 93
30 100
30 104
30 121
31 41
31 57
31 70
31 80
31 89
31 108
31 119
31 124
32 33
32 44
32 60
32 61
32 63
32 90
32 97
32 98
32 120
33 43
33 50
33 53
33 58
33 68
33 69
33 85
33 94
33 105
33 112
33 123
34 48
34 49
34 54
34 59
34 65
34 70
34 80
34 87
34 108
35 36
35 47
35 50
35 55
35 56
35 64
35 67
35 77
35 103
35 107
35 121
36 47
36 50
36 53
36 64
36 68
36 76
36 81
36 92
36 93
36 101
36 104
36 110
37 44
37 54
37 60
37 61
37 83
37 93
37 95
37 110
37 113
37 120
38 46
38 54
38 71
38 74
38 89
38 91
38 106
38 111
38 114
38 115
38 118
38 122
39 45
39 71
39 74
39 84
39 89
39 91
39 96
39 115
39 116
40 71
40 74
40 89
40 91
40 99
40 106
40 111
40 114
40 115
40 118
40 122
41 49
41 54
41 57
41 86
41 87
41 117
41 119
41 124
42 43
42 53
42 68
42 69
42 85
42 94
42 105
42 109
42 112
42 123
43 58
43 68
43 75
43 77
43 79
43 109
43 123
44 51
44 60
44 90
44 95
44 97
44 102
44 109
44 110
44 121
44 125
45 66
45 95
45 96
45 102
45 107
45 111
45 114
45 116
45 118
45 122
46 71
46 74
46 87
46 89
46 91
46 99
46 111
46 112
46 114
46 115
46 118
46 122
47 55
47 56
47 64
47 67
47 81
47 82
47 103
47 107
47 121
48 56
48 67
48 73
48 76
48 88
48 100
48 101
48 103
48 104
48 107
49 57
49 59
49 65
49 78
49 87
49 119
49 121
50 55
50 56
50 64
50 67
50 92
50 103
50 107
50 118
50 121
51 60
51 61
51 62
51 63
51 90
51 98
51 115
51 120
51 125
52 56
52 67
52 72
52 76
52 100
52 101
52 103
52 104
52 107
52 114
53 58
53 68
53 75
53 77
53 79
53 94
53 109
54 57
54 59
54 65
54 78
54 81
54 87
54 119
55 76
55 81
55 91
55 92
55 101
55 104
55 112
55 121
56 67
56 72
56 77
56 81
56 88
56 92
56 100
57 86
57 87
57 117
57 124
58 69
58 70
58 85
58 94
58 105
58 109
58 112
58 123
59 70
59 78
59 80
59 81
59 87
59 108
60 90
60 95
60 97
60 110
60 120
60 125
61 90
61 95
61 96
61 97
61 110
61 120
61 125
62 69
62 73
62 75
62 77
62 79
62 85
62 90
62 105
62 112
63 83
63 90
63 93
63 97
63 98
63 113
63 125
64 75
64 76
64 81
64 92
64 101
64 104
64 121
65 70
65 80
65 87
65 108
66 71
66 74
66 89
66 91
66 96
66 102
66 115
66 116
66 120
67 72
67 81
67 88
67 92
67 100
67 107
68 69
68 85
68 94
68 105
68 112
68 123
69 72
69 73
69 76
69 82
69 84
69 85
69 109
69 119
70 78
70 80
70 86
70 117
70 120
70 124
71 78
71 91
71 96
71 99
71 102
71 106
71 109
71 115
72 76
72 88
72 101
72 103
72 104
72 107
73 75
73 77
73 79
73 82
73 85
73 105
73 112
74 80
74 89
74 91
74 96
74 99
74 102
74 106
75 77
75 79
75 80
75 82
75 84
75 94
75 123
76 88
76 100
76 101
76 121
77 82
77 84
77 87
77 94
77 123
78 80
78 87
78 88
78 102
78 108
79 82
79 84
79 94
79 106
79 123
80 86
80 117
80 118
80 124
81 92
81 103
81 107
81 117
81 121
82 84
82 85
82 90
82 105
82 112
83 84
83 93
83 95
83 98
83 101
83 110
83 113
84 85
84 105
84 112
85 90
85 98
85 109
85 112
85 115
85 121
86 108
86 117
86 119
86 124
87 96
87 119
88 101
88 103
88 104
88 107
89 96
89 99
89 102
89 106
89 115
90 98
90 120
91 96
91 99
91 102
91 106
92 102
92 103
92 105
92 107
92 114
92 115
92 121
93 95
93 98
93 110
94 109
94 123
95 104
95 109
95 113
95 120
95 122
95 124
96 115
96 116
97 98
97 120
97 125
98 107
98 113
98 125
99 111
99 114
99 115
99 118
99 122
100 101
100 103
100 104
100 107
101 121
102 115
102 116
103 107
104 121
105 109
105 112
106 111
106 114
106 115
106 118
106 122
108 117
108 124
109 112
109 123
110 113
110 120
111 114
111 116
111 118
114 116
114 124
116 118
116 122
117 119
118 122
119 124
120 125
