121 508
1 39
1 43
1 58
1 61
1 75
2 8
2 10
2 16
2 20
2 24
2 26
2 49
2 113
2 118
2 121
3 19
3 22
3 33
3 37
3 47
3 58
3 59
3 66
3 76
3 78
3 81
4 17
4 30
4 69
4 74
4 79
4 84
4 102
4 116
5 7
5 10
5 18
5 24
5 40
5 49
5 120
5 121
6 30
6 60
6 63
6 74
6 84
6 96
6 100
6 116
7 20
7 26
7 49
7 70
7 86
7 120
7 121
8 12
8 25
8 40
8 41
8 85
8 88
8 92
8 95
8 101
9 11
9 13
9 23
9 29
9 31
9 71
9 88
9 89
9 109
9 121
10 24
10 49
10 118
10 120
11 23
11 41
11 50
11 54
11 67
11 78
11 109
12 31
12 41
12 53
12 56
12 72
12 82
12 98
12 117
13 36
13 40
13 41
13 88
13 91
13 95
14 30
14 51
14 62
14 69
14 93
14 100
14 105
14 114
14 115
15 19
15 28
15 32
15 66
15 73
15 76
15 81
16 38
16 50
16 101
16 104
16 107
16 117
16 119
17 29
17 30
17 63
17 84
17 96
17 102
18 62
18 67
18 69
18 103
18 105
18 106
18 111
18 114
19 22
19 32
19 41
19 66
19 81
20 24
20 26
20 49
20 118
20 121
21 27
21 50
21 65
21 75
21 79
21 92
21 107
21 110
21 117
22 31
22 32
22 33
22 37
22 66
23 47
23 54
23 56
23 71
23 78
23 95
24 49
24 64
24 95
24 118
24 121
25 36
25 56
25 58
25 85
25 88
25 91
25 92
25 97
25 119
26 104
26 118
26 120
26 121
27 44
27 53
27 56
27 68
27 78
27 87
27 98
27 120
28 32
28 33
28 37
28 76
28 81
28 93
28 94
28 101
28 110
29 42
29 43
29 48
29 58
29 59
29 73
29 75
29 115
30 44
30 63
30 67
30 74
30 84
30 96
31 39
31 44
31 56
31 68
31 72
31 82
31 87
32 33
32 87
33 37
33 39
33 54
33 76
34 55
34 66
34 82
34 90
34 94
34 99
34 108
35 55
35 57
35 70
35 80
35 90
35 99
35 110
35 113
36 41
36 91
36 92
36 111
37 66
37 76
37 80
37 81
37 82
37 109
38 50
38 65
38 101
38 104
38 115
38 117
38 119
39 48
39 56
39 58
39 59
39 61
39 73
39 85
40 41
40 59
40 85
40 88
40 92
40 95
41 92
41 95
41 112
41 117
42 43
42 48
42 59
42 61
42 73
42 75
42 115
43 48
43 58
43 75
44 53
44 68
44 74
44 82
44 87
45 46
45 64
45 83
45 86
45 93
45 101
45 103
45 112
45 114
45 115
45 121
46 50
46 52
46 65
46 86
46 95
46 103
46 112
46 115
47 54
47 67
47 71
47 78
47 89
47 97
48 50
48 58
48 59
48 73
48 104
48 118
49 89
49 106
49 121
50 63
50 104
50 107
50 117
51 55
51 62
51 69
51 93
51 100
51 111
51 114
52 77
52 80
52 86
52 103
53 54
53 55
53 82
53 98
54 67
54 71
54 76
54 78
54 94
54 97
54 101
55 70
55 88
55 90
55 99
55 113
56 63
56 68
56 72
56 87
56 98
56 113
57 70
57 90
57 94
57 108
57 110
57 113
58 59
58 66
59 61
59 73
59 111
60 63
60 74
60 79
60 96
60 102
60 108
60 116
61 73
61 75
61 103
62 69
62 93
62 111
62 114
63 74
63 84
63 96
64 77
64 80
64 83
64 86
64 112
64 115
65 79
65 101
65 117
65 119
66 76
66 81
66 82
67 72
67 78
67 89
67 97
67 109
68 72
68 82
68 87
69 88
69 100
69 105
69 114
70 99
70 108
70 110
70 113
71 77
71 89
71 97
72 79
72 82
72 87
72 98
73 75
73 98
74 84
74 116
75 83
76 81
76 100
77 80
77 83
77 86
77 107
77 115
78 97
78 109
79 82
79 101
79 104
79 107
79 110
79 119
80 83
80 103
80 112
81 101
83 103
83 112
83 115
84 116
85 88
85 91
85 92
85 95
86 115
87 98
87 116
88 91
88 95
88 111
89 97
89 109
90 94
90 113
91 95
93 100
93 106
93 111
94 105
94 108
94 110
94 113
95 96
95 99
95 106
96 102
96 103
97 109
99 108
99 110
100 105
100 106
101 104
101 107
101 119
102 116
103 112
103 117
104 107
104 119
105 106
105 114
106 111
106 113
108 110
110 113
111 114
112 115
115 117
117 119
118 120
