120 545
1 2
1 41
1 69
1 72
1 84
1 94
1 98
1 107
2 25
2 33
2 69
2 84
2 94
2 95
2 97
2 98
3 7
3 16
3 63
3 66
3 71
3 87
3 100
3 118
4 14
4 15
4 28
4 32
4 59
4 71
4 77
4 78
4 83
4 89
5 14
5 50
5 62
5 67
5 73
5 77
5 78
5 83
5 91
5 105
6 16
6 25
6 38
6 43
6 60
6 66
6 67
6 87
6 113
6 118
7 16
7 38
7 61
7 63
7 67
7 82
7 87
7 100
7 107
8 26
8 34
8 39
8 48
8 49
8 55
8 58
8 99
8 105
9 20
9 22
9 30
9 38
9 53
9 71
9 75
9 105
9 110
10 26
10 39
10 42
10 48
10 57
10 72
10 75
10 99
10 103
11 23
11 27
11 31
11 44
11 70
11 104
11 106
11 115
12 25
12 33
12 46
12 72
12 84
12 94
12 96
12 107
13 39
13 43
13 45
13 47
13 54
13 55
13 63
13 76
13 101
14 15
14 59
14 73
14 83
14 91
15 59
15 73
15 83
15 89
15 91
16 37
16 44
16 50
16 60
16 67
16 70
16 100
16 118
17 19
17 21
17 28
17 35
17 63
17 68
17 74
17 86
17 108
18 19
18 28
18 32
18 35
18 51
18 77
18 86
18 88
18 110
19 21
19 28
19 35
19 51
19 53
19 68
20 22
20 29
20 30
20 36
20 71
20 75
20 90
20 105
20 119
21 28
21 51
21 68
21 108
21 110
22 30
22 32
22 48
22 52
22 58
22 62
22 71
22 85
22 88
22 90
22 96
22 112
22 114
23 31
23 44
23 70
23 92
23 106
23 115
24 29
24 33
24 40
24 82
24 88
24 95
24 104
24 111
24 118
25 30
25 33
25 49
25 59
25 84
25 92
25 96
25 98
25 107
26 48
26 49
26 57
26 58
26 72
26 103
26 114
27 31
27 44
27 46
27 50
27 63
27 102
27 115
28 35
28 86
28 108
29 52
29 55
29 56
29 82
29 93
29 95
29 103
29 109
29 111
30 36
30 74
30 90
30 94
30 105
30 112
31 50
31 56
31 78
31 102
31 106
31 115
32 35
32 51
32 68
32 86
32 108
32 110
33 56
33 59
33 69
33 84
33 96
33 98
34 39
34 42
34 49
34 57
34 58
34 99
34 113
35 51
35 86
35 88
36 45
36 54
36 55
36 65
36 76
36 116
36 120
37 41
37 61
37 64
37 73
37 79
37 112
37 113
37 117
37 119
38 43
38 53
38 60
38 63
38 66
38 67
38 87
38 91
39 42
39 48
39 58
39 99
40 78
40 88
40 95
40 97
40 104
40 109
40 111
41 52
41 61
41 78
41 79
41 86
41 113
41 114
41 119
42 57
42 58
42 60
42 91
42 93
42 99
42 103
43 45
43 47
43 54
43 55
43 80
43 82
43 101
43 116
44 46
44 70
44 92
44 96
44 108
44 115
45 54
45 55
45 65
45 116
46 50
46 70
46 92
46 102
46 115
47 54
47 65
47 76
47 101
47 120
48 49
48 99
48 103
49 57
49 58
49 95
49 103
49 112
50 57
50 70
50 71
50 92
50 102
50 106
50 108
51 68
51 110
52 61
52 79
52 80
52 81
52 114
52 119
53 71
53 74
53 75
53 82
53 85
53 105
53 112
54 65
54 76
55 101
55 116
55 120
56 61
56 82
56 93
56 95
56 97
56 104
56 109
57 58
57 93
57 103
57 106
58 66
58 75
58 82
58 92
59 62
59 63
59 77
59 89
59 91
59 95
59 113
60 66
60 67
60 78
60 100
60 118
61 79
61 81
61 89
61 117
61 119
62 73
62 77
62 78
62 89
62 91
63 66
63 87
63 100
63 114
63 118
64 79
64 80
64 81
64 91
64 113
64 114
64 115
64 117
65 76
65 116
65 120
66 87
66 118
67 69
67 87
67 100
68 70
68 108
68 110
68 119
69 72
69 94
69 96
69 98
70 72
70 92
70 106
70 109
71 75
71 85
71 90
71 102
72 94
72 96
72 98
72 107
73 78
73 83
73 91
74 75
74 80
74 85
74 90
74 105
74 112
75 85
75 105
76 101
76 120
77 78
77 89
77 91
77 97
78 83
78 89
78 99
78 110
79 82
79 113
79 114
80 81
80 103
80 113
80 114
80 117
80 119
81 114
81 117
81 119
82 93
82 95
82 97
82 104
83 89
84 94
84 107
85 90
85 112
86 108
86 110
86 115
88 93
88 97
88 102
88 104
88 109
88 111
90 103
90 112
90 119
91 109
92 102
92 106
93 97
93 109
93 111
94 107
95 104
95 111
96 98
96 105
96 107
97 104
97 109
99 103
100 103
100 112
100 118
101 116
101 120
102 106
102 115
105 112
107 120
108 110
108 115
109 111
109 117
113 114
113 117
116 120
117 119
