120 236
1 40
1 69
2 4
2 16
2 19
2 30
2 89
2 96
3 72
3 90
4 38
4 99
4 110
4 114
5 33
5 49
5 82
6 26
6 105
7 27
7 69
7 96
8 18
8 33
8 63
8 100
8 120
9 17
9 23
9 62
9 77
10 15
10 21
10 39
11 36
11 60
11 79
11 90
11 105
12 34
12 45
12 92
12 107
13 28
13 37
13 53
14 15
14 42
15 111
16 20
16 40
16 62
16 68
17 46
17 89
18 52
18 58
18 71
18 84
19 24
19 43
19 66
20 44
20 50
20 61
21 42
21 51
22 29
22 31
22 67
22 84
22 103
23 93
24 61
25 38
25 68
25 71
26 58
26 96
26 118
27 38
27 40
27 76
27 90
27 108
28 34
28 48
28 111
29 35
29 54
29 71
30 50
30 52
31 32
31 60
31 73
32 49
32 65
32 67
32 86
33 88
33 103
34 38
34 51
34 99
34 119
35 47
35 64
36 57
36 112
37 62
38 80
39 96
39 105
40 58
40 94
41 65
41 110
42 55
42 100
43 50
43 57
43 85
43 87
43 118
44 70
44 82
45 63
45 81
45 87
45 102
46 93
46 109
47 74
48 57
48 60
48 66
48 72
49 70
51 56
51 68
52 87
52 92
52 101
52 103
53 67
53 77
53 79
53 88
53 89
54 74
54 85
55 56
55 60
55 78
55 85
56 83
58 72
58 78
58 80
58 100
59 61
59 66
59 69
59 95
60 70
62 82
62 111
62 119
63 89
63 94
63 112
64 65
64 91
64 95
65 76
65 98
65 111
66 68
66 98
66 114
67 79
67 82
67 99
67 102
68 70
68 97
68 102
68 104
69 83
69 102
70 91
71 77
71 99
73 79
73 113
75 80
75 91
76 77
76 86
77 114
78 118
80 95
81 97
83 95
83 119
84 88
86 89
86 106
87 107
87 108
87 120
90 95
90 100
90 107
90 110
92 114
94 109
95 107
98 117
99 109
100 107
101 106
101 109
101 112
104 113
104 115
104 119
105 120
106 113
106 116
107 108
108 114
110 117
115 116
115 117
